P, iron_wus_fO2, wus_fe4o5_fO2, wus_mt_fO2, fe4o5_mt_fO2, fe4o5_hem_fO2, mt_hem_fO2, fmq_fO2, fmc_fO2, rmc_fO2, rms_fO2, rfs_fO2, Re_fO2, Mo_fO2
0  0		 8		0	    8		  10		 0	     0	      2	       6	8.5	 9.5	  0	  0
25 25		 25		8.2	    11		  25		 11	     3.5      6.5      9.5	10.5	 17	  25	  25
100000.0 -11.9733914855 -6.85560965886 -9.4704273277 -16.7079397868 -7.41023641869 -2.76138473466 -8.44546492084 -7.60043310966 -10.2835606744 -4.55659900147 -0.506152073045 -6.05613135665 -11.4989741304 
240099000.0 -11.8790826693 -6.73059674422 -9.33249176439 -16.3433568588 -7.28156390143 -2.75066742274 -8.27305416709 -7.49463222272 -10.0548934707 -4.49591106882 -0.54676247216 -5.96209348016 -11.3999199667 
480098000.0 -11.7850462821 -6.5972279504 -9.19423399287 -15.9797689673 -7.15286938443 -2.73941959299 -8.10097443062 -7.3887048962 -9.8273535086 -4.43527247964 -0.587106983748 -5.86830299687 -11.3011039331 
720097000.0 -11.6912780089 -8.06323714207 -9.05567409092 -15.6171637704 -7.02415424971 -2.72764948936 -7.92921125082 -7.28265855722 -9.60092416128 -4.37468406112 -0.62719082469 -5.77475726416 -11.2025234897 
960096000.0 -11.5977736351 -6.34107082702 -8.91683094708 -15.2555291861 -6.89541984378 -2.71536517264 -7.75775113088 -7.1765003515 -9.37558926157 -4.31414661274 -0.667019088296 -5.68145368995 -11.1041761459 
1200095000.0 -11.5045290434 -6.21335302279 -8.77772235135 -14.8948533844 -6.76666747866 -2.70257452581 -7.58658146071 -7.07023715602 -9.15133308361 -4.25366090713 -0.706596748048 -5.58838973133 -11.0060594593 
1440094000.0 -11.4115402112 -6.08815969044 -8.63836507733 -14.5351247805 -6.63789843295 -2.68928525918 -7.4156904472 -6.96387559103 -8.92814032545 -4.19322769102 -0.74592866119 -5.49556289324 -10.9081710342 
1680093000.0 -11.3188032084 -5.96067020078 -8.49877495667 -14.1763320276 -6.50911395277 -2.67550491534 -7.24506705088 -6.8574220314 -8.70599609245 -4.13284768606 -0.785019572193 -5.40297072716 -10.8105085203 
1920092000.0 -11.2263141947 -5.83194745972 -8.35896694674 -13.8184640103 -6.38031525273 -2.66124087396 -7.07470092826 -6.7508826174 -8.48488588164 -4.07252158964 -0.823874116095 -5.31061082987 -10.7130696118 
2160091000.0 -11.1340694173 -5.70232514044 -8.21895519232 -13.4615098376 -6.25150351681 -2.6465003564 -6.90458237941 -6.64426326483 -8.26479556677 -4.01225007569 -0.862496821716 -5.21848084222 -10.6158520456 
2400090000.0 -11.042065209 -5.57941318434 -8.07875308177 -13.1054588375 -6.12267989928 -2.63129043017 -6.73470230012 -6.53756967475 -8.04571138411 -3.95203379544 -0.900892114751 -5.12657844804 -10.5188536009 
2640089000.0 -10.9502979853 -5.45055788501 -7.93837329849 -12.7503005502 -5.99384552553 -2.61561801321 -6.56529845509 -6.43080734259 -7.82761991904 -3.89187337812 -0.939064320767 -5.03490137294 -10.4220720973 
2880088000.0 -10.8587642427 -5.32166803089 -7.79782786791 -12.3960247226 -5.86500149292 -2.59948987806 -6.40195492355 -6.32398156684 -7.61050809314 -3.83176943172 -0.977017668076 -4.94344738327 -10.3255053945 
3120087000.0 -10.7674605568 -5.19135983431 -7.65712820072 -12.0426213028 -5.73614887153 -2.58291265587 -6.24279716301 -6.21709745734 -7.39436315204 -3.7717225436 -1.01475629052 -4.85221428507 -10.2291513905 
3360086000.0 -10.6763835795 -5.06992113962 -7.51628513248 -11.6900804344 -5.60728870495 -2.56589284024 -6.08659633239 -6.11015994306 -7.17917265372 -3.71173328121 -1.05228423015 -4.76119992307 -10.1330080212 
3600085000.0 -10.5855300381 -4.94419173951 -7.37530896011 -11.3383924512 -5.47842201105 -2.54843679099 -5.93284598274 -6.00317377961 -6.96492445748 -3.65180219265 -1.08960543982 -4.67040217966 -10.0370732591 
3840084000.0 -10.4948967324 -4.81796037424 -7.2342094755 -10.9875478724 -5.34954978266 -2.53055073777 -5.78124296871 -5.89614355628 -6.75160671328 -3.59192980736 -1.12672378567 -4.57981897402 -9.94134511273 
4080083000.0 -10.4044805334 -4.69163941115 -7.09299599651 -10.6375373978 -5.22067298828 -2.51224078352 -5.63157831104 -5.78907370278 -6.5392078517 -3.53211663661 -1.16364304955 -4.48944826114 -9.84582162513 
4320082000.0 -10.3142783813 -4.56635044104 -6.95167739566 -10.2883519025 -5.09179257276 -2.49351290791 -5.48369609775 -5.68196849568 -6.3277165743 -3.47236317414 -1.20036693137 -4.39928803098 -9.75050087352 
4560081000.0 -10.2242872838 -4.44359722372 -6.81026212661 -9.93998243272 -4.96290945793 -2.47437297053 -5.33747391211 -5.57483206447 -6.11712184435 -3.41266989666 -1.2368990513 -4.30933630759 -9.65538096826 
4800080000.0 -10.1345043144 -4.31327919764 -6.66875824875 -9.59242020153 -4.83402454325 -2.4548267141 -5.19281212932 -5.46766839741 -5.90741287809 -3.35303726438 -1.273242952 -4.21959114828 -9.56046005199 
5040079000.0 -10.0449266106 -4.18811751153 -6.52717344997 -9.24565658417 -4.7051387064 -2.43487976752 -5.04962749175 -5.36048134706 -5.69857913628 -3.29346572155 -1.30940210067 -4.13005064283 -9.46573629892 
5280078000.0 -9.95555137235 -4.06228400403 -6.38551506782 -8.89968311414 -4.57625280391 -2.41453764879 -4.90784898264 -5.25327463556 -5.49061031616 -3.23395569689 -1.34537989114 -4.04071291271 -9.37120791399 
5520077000.0 -9.86637586058 -3.93631806955 -6.24379010921 -8.55449147911 -4.44736767165 -2.39380576792 -4.76741503598 -5.14605185964 -5.28349634372 -3.17450760412 -1.38117964579 -3.95157611032 -9.27687313219 
5760076000.0 -9.7773973955 -3.81118598093 -6.10200526868 -8.2100735171 -4.31848412547 -2.37268942965 -4.62827157128 -5.03881649549 -5.07722736636 -3.11512184236 -1.41680461745 -3.86263841826 -9.1827302178 
6000075000.0 -9.68861335517 -3.68574545531 -5.96016694551 -7.86642121268 -4.18960296169 -2.35119383619 -4.49037056301 -4.9315719033 -4.87179374576 -3.05579879663 -1.45225799127 -3.77389804862 -9.08877746368 
6240074000.0 -9.60002117407 -4.16502371524 -5.8182812596 -7.52352669331 -4.06072495761 -2.32932408976 -4.35366897031 -4.82432133163 -4.66718605118 -2.9965388382 -1.4875428865 -3.68535324233 -8.99501319065 
6480073000.0 -9.51161834163 -4.36791643258 -5.67635406637 -7.18138222588 -3.93185087205 -2.30708519514 -4.21812791753 -4.71706792164 -4.46339505291 -2.93734232508 -1.52266235815 -3.59700226842 -8.90143574678 
6720072000.0 -9.4234024009 -4.47658789776 -5.53439097061 -6.83998021323 -3.8029814458 -2.28448206209 -4.08371205432 -4.60981471105 -4.26041171603 -2.87820960235 -1.55761939872 -3.50884342345 -8.80804350678 
6960071000.0 -9.33537094715 -4.54224840433 -5.39239733954 -6.49931319088 -3.67411740211 -2.26151950772 -3.95038904745 -4.50256463799 -4.05822719447 -2.81914100258 -1.59241693982 -3.42087503083 -8.71483487137 
7200070000.0 -9.24752162663 -4.58190807975 -5.2503783149 -6.15937382383 -3.54525944714 -2.23820225879 -3.818129171 -4.39532054464 -3.85683282527 -2.7601368462 -1.62705785365 -3.33309544027 -8.62180826668 
7440069000.0 -9.15985213525 -4.60372833088 -5.10833882445 -5.82015490339 -3.4164082704 -2.21453495391 -3.68690497165 -4.2880851807 -3.65622012302 -2.70119744182 -1.66154495462 -3.24550302711 -8.52896214372 
7680068000.0 -9.07236021735 -4.61237026021 -4.96628359258 -5.48164934425 -3.28756454521 -2.19052214569 -3.55669099213 -4.18086120682 -3.4563807746 -2.64232308662 -1.69588100075 -3.15809619183 -8.43629497773 
7920067000.0 -8.98504366452 -4.61079070433 -4.82421715044 -5.14385018148 -3.15872892907 -2.16616830286 -3.42746354019 -4.07365119769 -3.25730663409 -2.58351406668 -1.73006869507 -3.07087335944 -8.3438052677 
8160066000.0 -8.89790031438 -4.60100330256 -4.68214384534 -4.80675056777 -3.02990206408 -2.14147781224 -3.29920049394 -3.96645764521 -3.05898971785 -2.52477065726 -1.76411068709 -2.98383297897 -8.25149153581 
8400065000.0 -8.81092804947 -4.5844516615 -4.54006784961 -4.47034377061 -2.90108457737 -2.11645498074 -3.17188113635 -3.85928296136 -2.86142219987 -2.46609312317 -1.79800957403 -2.89697352291 -8.15935232695 
8640064000.0 -8.72412479615 -4.56221189273 -4.39799316903 -4.13462316965 -2.77227708141 -2.09110403729 -3.0454860135 -3.75212948105 -2.66459640715 -2.40748171905 -1.83176790218 -2.81029348675 -8.06738620816 
8880063000.0 -8.63748852348 -4.53511114593 -4.25592365061 -3.79958225412 -2.64348017444 -2.0654291346 -2.91999681235 -3.64499946482 -2.46850481543 -2.34893668963 -1.86538816813 -2.72379138845 -7.97559176819 
9120062000.0 -8.55101724217 -4.50380114668 -4.11386299008 -3.4652146203 -2.51469444082 -2.03943435107 -2.79539625456 -3.5378951014 -2.27314004494 -2.29045827007 -1.89887282 -2.63746576797 -7.88396761702 
9360061000.0 -8.46470900361 -4.4688059961 -3.97181473887 -3.13151396908 -2.38592045132 -2.01312369244 -2.67166800384 -3.43081851022 -2.07849485638 -2.23204668621 -1.93222425859 -2.55131518678 -7.79251238541 
9600060000.0 -8.37856189877 -4.43055444871 -3.82978231069 -2.79847410358 -2.25715876354 -1.98650109352 -2.54879658459 -3.32377174378 -1.88456214701 -2.17370215482 -1.96544483857 -2.46533822746 -7.7012247244 
9840059000.0 -8.29257405734 -4.38940241382 -3.68776898781 -2.46608892689 -2.12840992219 -1.95957041984 -2.42676731014 -3.21675678994 -1.69133494691 -2.11542488389 -1.99853686955 -2.37953349319 -7.61010330495 
10080058000.0 -8.20674364667 -4.34564907049 -3.5457779269 -2.13435243976 -1.99967445941 -1.93233546923 -2.30556621914 -3.10977557411 -1.49880641535 -2.05721507283 -2.03150261719 -2.29389960738 -7.51914681748 
10320057000.0 -8.12106887096 -4.29954867921 -3.40381216468 -1.8032587385 -1.87095289508 -1.90479997337 -2.1851800189 -3.00282996136 -1.30696983732 -1.99907291279 -2.06434430422 -2.20843521321 -7.42835397147 
10560056000.0 -8.03554797025 -4.2513194154 -3.26187462315 -1.47280201282 -1.74224573715 -1.87696759931 -2.06559603482 -2.89592175844 -1.11581862011 -1.94099858681 -2.09706411147 -2.12313897324 -7.33772349504 
10800055000.0 -7.95017921965 -4.20115009321 -3.11996811459 -1.14297654378 -1.61355348188 -1.84884195093 -1.94680216501 -2.78905271572 -0.925346290144 -1.8829922701 -2.12966417887 -2.03800956901 -7.2472541346 
11040054000.0 -7.8649609284 -4.14920536395 -2.97809534631 -0.813776701822 -1.48487661417 -1.82042657034 -1.82878683942 -2.68222452909 -0.735546489766 -1.82505413025 -2.16214660639 -1.95304570065 -7.15694465442 
11280053000.0 -7.77989143911 -4.09562979131 -2.83625892514 -0.485196944812 -1.35621560782 -1.79172493932 -1.71153898292 -2.57543884172 -0.546412974253 -1.76718432743 -2.19451345497 -1.86824608652 -7.06679383634 
11520052000.0 -7.69496912689 -4.04055108624 -2.69446136168 -0.157231816144 -1.22757092577 -1.76274048058 -1.59504798196 -2.46869724578 -0.357939608878 -1.70938301461 -2.22676674744 -1.78360946282 -6.97680047933 
11760051000.0 -7.61019239862 -3.98408270363 -2.55270507435 0.170124057078 -1.09894302041 -1.73347655916 -1.47930365416 -2.36200128416 -0.170120366084 -1.65165033776 -2.25890846937 -1.69913458327 -6.8869633992 
12000050000.0 -7.52555969215 -3.92632594804 -2.41099239322 0.49687596584 -0.970332333809 -1.70393648363 -1.36429622069 -2.255352452 0.0170506772475 -1.59398643602 -2.29094056997 -1.61482021872 -6.79728142821 
12240049000.0 -7.44106947558 -3.86737169727 -2.26932556365 0.823029120945 -0.841739297935 -1.67412350738 -1.25001628102 -2.14875219827 0.203579342434 -1.53639144193 -2.32286496288 -1.53066515683 -6.70775341482 
12480048000.0 -7.3567202465 -3.807301825 -2.12770674981 1.14858865471 -0.713164334939 -1.64404082976 -1.13645478983 -2.04220192724 0.389471351548 -1.47886548158 -2.35468352701 -1.44666820176 -6.61837822326 
12720047000.0 -7.27251053131 -3.74619038431 -1.98613803789 1.4735596226 -0.58460785736 -1.61369159734 -1.02360303582 -1.93570299991 0.574732329886 -1.42140867481 -2.38639810728 -1.36282817382 -6.52915473333 
12960046000.0 -7.18843888451 -3.68410459927 -1.84462143931 1.79794700484 -0.456070268361 -1.58307890496 -0.911452622217 -1.82925673537 0.759367808359 -1.36402113535 -2.41801051542 -1.27914390918 -6.44008184 
13200045000.0 -7.10450388808 -3.62110570136 -1.70315889368 2.12175570799 -0.327551961945 -1.55220579691 -0.799995448839 -1.72286441213 0.943383225801 -1.30670297104 -2.44952253072 -1.19561425954 -6.35115845318 
13440044000.0 -7.02070415074 -3.55724963916 -1.56175227164 2.44499056641 -0.19905332317 -1.52107526796 -0.689223695529 -1.61652726941 1.12678393121 -1.24945428393 -2.48093590071 -1.11223809185 -6.26238349737 
13680043000.0 -6.93703830741 -3.49258768417 -1.4204033776 2.76765634381 -0.0705747283599 -1.48969026444 -0.579129806844 -1.51024650833 1.30957518591 -1.19227517049 -2.51225234192 -1.02901428803 -6.17375591145 
13920042000.0 -6.85350501852 -3.42716695054 -1.27911395227 3.08975773462 0.0578834546967 -1.45805368526 -0.469706477866 -1.40402329312 1.49176216566 -1.13516572171 -2.54347354049 -0.945941744667 -6.08527464835 
14160041000.0 -6.77010296944 -3.36103084326 -1.1378856752 3.41129936544 0.186320866547 -1.4261683829 -0.360946641048 -1.29785875229 1.67334996267 -1.07812602332 -2.5746011529 -0.86301937274 -5.99693867477 
14400040000.0 -6.68683086988 -3.29421944646 -0.996720167056 3.73228579639 0.314737155881 -1.39403716437 -0.252843453983 -1.19175397965 1.8543435876 -1.02115615585 -2.6056368066 -0.780246097365 -5.90874697099 
14640039000.0 -6.60368745333 -3.22676986125 -0.855618991922 4.05272152245 0.443131979349 -1.3616627922 -0.145390288024 -1.08571003546 2.03474797142 -0.964256194858 -2.63658210063 -0.697620857524 -5.82069853055 
14880038000.0 -6.52067147649 -3.15871650091 -0.714583659419 4.37261097473 0.571505001374 -1.3290479853 -0.0385807176778 -0.979727947383 2.21456796732 -0.907426210979 -2.66743860622 -0.615142605809 -5.73279236 
15120037000.0 -6.43778171875 -3.09009134975 -0.573615626757 4.69195852178 0.699855893978 -1.29619541992 0.0675914892924 -0.873808711527 2.39380835245 -0.85066627012 -2.69820786742 -0.532810308174 -5.64502747871 
15360036000.0 -6.35501698161 -3.02092419104 -0.432716300697 5.01076847077 0.828184336609 -1.26310773047 0.173132381116 -0.767953293364 2.57247382969 -0.793976433562 -2.72889140167 -0.450622943688 -5.55740291858 
15600035000.0 -6.27237608824 -2.95124280831 -0.291887039417 5.32904506875 0.956490015973 -1.22978751041 0.278047830669 -0.662162628662 2.75056902935 -0.737356758089 -2.75949070037 -0.368579504299 -5.46991772384 
15840034000.0 -6.18985788292 -2.88107316379 -0.151129154308 5.64679250376 1.08477262587 -1.19623731308 0.382343543588 -0.556437624377 2.92809851076 -0.680807296109 -2.7900072294 -0.286678994603 -5.38257095081 
16080033000.0 -6.10746123056 -2.81043955694 -0.0104439116838 5.96401490604 1.21303186703 -1.16245965248 0.486025065863 -0.450779159508 3.10506676391 -0.624328095771 -2.82044242971 -0.204920431613 -5.29536166767 
16320032000.0 -6.02518501625 -2.73936476591 0.130167465579 6.28071634907 1.34126744697 -1.12845700409 0.589097790989 -0.345188085924 3.28147821097 -0.567919201082 -2.8507977178 -0.12330284454 -5.20828895428 
16560031000.0 -5.94302814479 -2.66787017394 0.270703796471 6.59690085074 1.46947907982 -1.09423180563 0.691566966669 -0.239665229173 3.45733720777 -0.511580652012 -2.88107448626 -0.0418252745728 -5.12135190192 
16800030000.0 -5.8609895402 -2.59597588272 0.411163940346 6.91257237432 1.59766648622 -1.05978645783 0.793437701134 -0.134211389247 3.6326480453 -0.455312484612 -2.91127410426 0.039513225328 -5.03454961313 
17040029000.0 -5.77906814533 -2.52370081419 0.55154679548 7.22773482959 1.72582939312 -1.02512332512 0.89471496909 -0.0288273413344 3.80741495108 -0.399114731107 -2.941397918 0.120713590642 -4.9478812015 
17280028000.0 -5.69726292141 -2.4510628024 0.691851297692 7.54239207377 1.85396753367 -0.990244736386 0.995403617324 0.0764861634543 3.98164209056 -0.342987420007 -2.97144725127 0.201776745488 -4.86134579143 
17520027000.0 -5.61557284762 -2.37807867629 0.83207641902 7.85654791255 1.98208064708 -0.955152985657 1.09550836999 0.181728397392 4.15533356843 -0.286930576204 -3.00142340579 0.282703602824 -4.77494251801 
17760026000.0 -5.53399692072 -2.30476433471 0.972221166447 8.17020610106 2.1101684785 -0.919850332776 1.19503383364 0.286898655456 4.32849342993 -0.230944221065 -3.03132766177 0.363495064639 -4.68867052677 
18000025000.0 -5.4525341546 -2.23113481447 1.11228458069 8.48337034475 2.23823077887 -0.884339004071 1.29398450187 0.391996254676 4.50112566212 -0.175028372533 -3.0611612783 0.444152022139 -4.60252897355 
18240024000.0 -5.37118357995 -2.15720435207 1.25226573502 8.7960443004 2.36626730479 -0.848621193007 1.39236475991 0.4970205335 4.67323419509 -0.11918304521 -3.09092549375 0.524675355938 -4.51651702427 
18480023000.0 -5.28994424384 -2.08298644006 1.39216373416 9.10823157691 2.49427781843 -0.812699060812 1.49017888873 0.60197085118 4.84482290313 -0.0634082504526 -3.12062152624 0.605065936231 -4.4306338548 
18720022000.0 -5.20881520937 -2.0084938783 1.53197771319 9.41993573628 2.62226208736 -0.7765747371 1.58743106915 0.706846587185 5.01589560596 -0.00770399645358 -3.15025057403 0.685324622978 -4.34487865077 
18960021000.0 -5.12779555532 -1.93373882092 1.6717068365 9.73116029438 2.75021988448 -0.740250320472 1.68412538558 0.811647140626 5.18645606976 0.0479297116698 -3.1798138159 0.765452266067 -4.25925060737 
19200020000.0 -5.04688437579 -1.85873281927 1.81135029684 10.0419087218 2.87815098788 -0.703727879106 1.78026582967 0.916371929697 5.35650800835 0.103492871798 -3.20931241155 0.845449705493 -4.17374892927 
19440019000.0 -4.96608077987 -1.78348686124 1.95090731432 10.3521844448 3.00605518072 -0.66700945133 1.87585630372 1.02102039114 5.52605508421 0.158985484725 -3.23874750197 0.925317771516 -4.08837283039 
19680018000.0 -4.8853838913 -1.70801140751 2.0903771355 10.6619908458 3.13393225116 -0.630097046187 1.97090062394 1.12559197974 5.69510090953 0.214407554085 -3.26812020983 1.00505728483 -4.00312153374 
19920017000.0 -4.80479284814 -1.63231642475 2.22975903253 10.9713312646 3.2617819922 -0.592992643981 2.06540252355 1.23008616778 5.86364904723 0.269759086278 -3.29743163982 1.0846690567 -3.91799427134 
20160016000.0 -4.72430680247 -1.55641141629 2.36905230228 11.2802089985 3.38960420164 -0.555698196815 2.15936565573 1.33450244461 6.03170301193 0.325040090388 -3.326682879 1.16415388915 -3.83299028398 
20400015000.0 -4.6439249201 -1.48030545039 2.50825626553 11.5886273039 3.5173986819 -0.518215629112 2.25279359642 1.43884031612 6.19926627091 0.380250578122 -3.35587499715 1.24351257508 -3.74810882115 
20640014000.0 -4.56364638023 -1.40400718635 2.64737026617 11.8965893963 3.64516524001 -0.48054683813 2.34568984703 1.54309930432 6.36634224507 0.435390563734 -3.38500904712 1.32274589846 -3.66334914084 
20880013000.0 -4.48347037518 -1.32752489867 2.78639367046 12.2040984512 3.77290368742 -0.44269369446 2.43805783694 1.64727894688 6.5329343098 0.490460063958 -3.41408606512 1.40185463441 -3.57871050943 
21120012000.0 -4.4033961101 -1.25086649943 2.9253258663 12.511157605 3.90061384 -0.404658042512 2.52990092597 1.75137879671 6.69904579589 0.545459097946 -3.44310707108 1.4808395494 -3.49419220157 
21360011000.0 -4.32342280273 -1.17403955902 3.0641662625 12.8177699556 4.02829551787 -0.366441700998 2.62122240669 1.85539842152 6.86467999039 0.600387687199 -3.47207306894 1.55970140136 -3.40979349999 
21600010000.0 -4.24354968305 -1.09705132542 3.20291428816 13.1239385629 4.15594854536 -0.328046463395 2.71202550664 1.95933740343 7.02984013744 0.655245855504 -3.50098504695 1.63844093983 -3.32551369542 
21840009000.0 -4.1637759931 -1.0199087421 3.34156939196 13.4296664495 4.28357275089 -0.289474098401 2.80231339045 2.06319533861 7.19452943913 0.710033628879 -3.52984397799 1.71705890606 -3.24135208645 
22080008000.0 -4.08410098669 -0.942618464686 3.48013104157 13.7349566015 4.41116796692 -0.250726350385 2.89208916187 2.16697183684 7.35875105622 0.764751035508 -3.55865081983 1.79555603319 -3.15730797938 
22320007000.0 -4.00452392911 -0.865186876498 3.618598723 14.0398119691 4.53873402982 -0.211804939817 2.98135586572 2.27066652117 7.52250810902 0.819398105685 -3.58740651545 1.87393304636 -3.07338068814 
22560006000.0 -3.92504409697 -0.787620103005 3.7569719401 14.3442354669 4.66627077984 -0.172711563699 3.0701164897 2.37427902758 7.68580367807 0.873974871759 -3.6161119933 1.95219066281 -2.98956953412 
22800005000.0 -3.84566077789 -0.709924025362 3.8952502139 14.6482299749 4.79377806099 -0.133447895981 3.15837396623 2.4778090046 7.84864080491 0.928481368077 -3.64476816755 2.03032959204 -2.90587384609 
23040004000.0 -3.76637327028 -0.632104293033 4.03343308213 14.9517983389 4.92125572098 -0.0940155879693 3.24613117412 2.581256113 8.01102249284 0.98291763093 -3.67337593839 2.10835053589 -2.82229296008 
23280003000.0 -3.68718088316 -0.554166335613 4.17152009868 15.2549433709 5.04870361114 -0.0544162687233 3.33339094017 2.68462002546 8.17295170754 1.03728369851 -3.70193619228 2.1862541887 -2.73882621924 
23520002000.0 -3.60808293589 -0.476115373887 4.3095108331 15.5576678499 5.17612158635 -0.0146515454484 3.42015604082 2.78790042623 8.33443137786 1.09157961083 -3.7304498022 2.26404123739 -2.65547297375 
23760001000.0 -3.52907875795 -0.397956430203 4.44740487009 15.8599745226 5.30350950495 0.0252769961234 3.50642920355 2.89109701083 8.49546439641 1.14580540973 -3.75891762789 2.3417123616 -2.57223258073 
24000000000.0 -3.45016768878 -0.319694338198 4.58520180905 16.1618661034 5.4308672287 0.065367791359 3.59221310839 2.99420948579 8.65605362026 1.19996113877 -3.7873405161 2.41926823378 -2.48910440408 
