  0.00000E+00  8.26985E+01  1.27614E-01
  1.00000E+00  8.20124E+01  1.24782E-01
  2.00000E+00  8.13547E+01  1.22607E-01
  3.00000E+00  8.07232E+01  1.20723E-01
  4.00000E+00  8.01160E+01  1.18934E-01
  5.00000E+00  7.95311E+01  1.17104E-01
  6.00000E+00  7.89670E+01  1.15153E-01
  7.00000E+00  7.84223E+01  1.13038E-01
  8.00000E+00  7.78957E+01  1.10743E-01
  9.00000E+00  7.73861E+01  1.08266E-01
  1.00000E+01  7.68923E+01  1.05620E-01
  1.10000E+01  7.64134E+01  1.02826E-01
  1.20000E+01  7.59486E+01  9.99093E-02
  1.30000E+01  7.54971E+01  9.68994E-02
  1.40000E+01  7.50581E+01  9.38288E-02
  1.50000E+01  7.46309E+01  9.07322E-02
  1.60000E+01  7.42150E+01  8.76458E-02
  1.70000E+01  7.38098E+01  8.46079E-02
  1.80000E+01  7.34147E+01  8.16580E-02
  1.90000E+01  7.30293E+01  7.88372E-02
  2.00000E+01  7.26530E+01  7.61868E-02
  2.10000E+01  7.22856E+01  7.37495E-02
  2.20000E+01  7.19265E+01  7.15666E-02
  2.30000E+01  7.15755E+01  6.96783E-02
  2.40000E+01  7.12321E+01  6.81208E-02
  2.50000E+01  7.08961E+01  6.69256E-02
  2.60000E+01  7.05671E+01  6.61166E-02
  2.70000E+01  7.02449E+01  6.57087E-02
  2.80000E+01  6.99292E+01  6.57071E-02
  2.90000E+01  6.96198E+01  6.61062E-02
  3.00000E+01  6.93163E+01  6.68907E-02
  3.10000E+01  6.90187E+01  6.80371E-02
  3.20000E+01  6.87266E+01  6.95154E-02
  3.30000E+01  6.84399E+01  7.12912E-02
  3.40000E+01  6.81584E+01  7.33283E-02
  3.50000E+01  6.78820E+01  7.55899E-02
  3.60000E+01  6.76103E+01  7.80401E-02
  3.70000E+01  6.73434E+01  8.06458E-02
  3.80000E+01  6.70810E+01  8.33753E-02
  3.90000E+01  6.68230E+01  8.62009E-02
  4.00000E+01  6.65692E+01  8.90962E-02
  4.10000E+01  6.63195E+01  9.20393E-02
  4.20000E+01  6.60739E+01  9.50099E-02
  4.30000E+01  6.58321E+01  9.79904E-02
  4.40000E+01  6.55941E+01  1.00965E-01
  4.50000E+01  6.53597E+01  1.03921E-01
  4.60000E+01  6.51289E+01  1.06844E-01
  4.70000E+01  6.49015E+01  1.09727E-01
  4.80000E+01  6.46775E+01  1.12559E-01
  4.90000E+01  6.44567E+01  1.15331E-01
  5.00000E+01  6.42391E+01  1.18039E-01
  5.10000E+01  6.40246E+01  1.20676E-01
  5.20000E+01  6.38131E+01  1.23237E-01
  5.30000E+01  6.36045E+01  1.25716E-01
  5.40000E+01  6.33988E+01  1.28112E-01
  5.50000E+01  6.31959E+01  1.30421E-01
  5.60000E+01  6.29957E+01  1.32640E-01
  5.70000E+01  6.27981E+01  1.34767E-01
  5.80000E+01  6.26032E+01  1.36801E-01
  5.90000E+01  6.24107E+01  1.38740E-01
  6.00000E+01  6.22207E+01  1.40583E-01
  6.10000E+01  6.20331E+01  1.42330E-01
  6.20000E+01  6.18479E+01  1.43981E-01
  6.30000E+01  6.16650E+01  1.45535E-01
  6.40000E+01  6.14843E+01  1.46993E-01
  6.50000E+01  6.13058E+01  1.48355E-01
  6.60000E+01  6.11295E+01  1.49621E-01
  6.70000E+01  6.09552E+01  1.50792E-01
  6.80000E+01  6.07831E+01  1.51870E-01
  6.90000E+01  6.06129E+01  1.52854E-01
  7.00000E+01  6.04447E+01  1.53747E-01
  7.10000E+01  6.02784E+01  1.54549E-01
  7.20000E+01  6.01141E+01  1.55261E-01
  7.30000E+01  5.99515E+01  1.55885E-01
  7.40000E+01  5.97908E+01  1.56424E-01
  7.50000E+01  5.96319E+01  1.56876E-01
  7.60000E+01  5.94747E+01  1.57245E-01
  7.70000E+01  5.93192E+01  1.57532E-01
  7.80000E+01  5.91653E+01  1.57739E-01
  7.90000E+01  5.90131E+01  1.57867E-01
  8.00000E+01  5.88626E+01  1.57918E-01
  8.10000E+01  5.87136E+01  1.57891E-01
  8.20000E+01  5.85661E+01  1.57792E-01
  8.30000E+01  5.84202E+01  1.57619E-01
  8.40000E+01  5.82757E+01  1.57376E-01
  8.50000E+01  5.81327E+01  1.57063E-01
  8.60000E+01  5.79911E+01  1.56683E-01
  8.70000E+01  5.78510E+01  1.56236E-01
  8.80000E+01  5.77122E+01  1.55723E-01
  8.90000E+01  5.75748E+01  1.55148E-01
  9.00000E+01  5.74387E+01  1.54510E-01
  9.10000E+01  5.73039E+01  1.53812E-01
  9.20000E+01  5.71704E+01  1.53054E-01
  9.30000E+01  5.70382E+01  1.52238E-01
  9.40000E+01  5.69072E+01  1.51367E-01
  9.50000E+01  5.67774E+01  1.50439E-01
  9.60000E+01  5.66488E+01  1.49459E-01
  9.70000E+01  5.65214E+01  1.48424E-01
  9.80000E+01  5.63951E+01  1.47339E-01
  9.90000E+01  5.62700E+01  1.46204E-01
  1.00000E+02  5.61460E+01  1.45018E-01
  1.01000E+02  5.60231E+01  1.43786E-01
  1.02000E+02  5.59012E+01  1.42507E-01
  1.03000E+02  5.57804E+01  1.41181E-01
  1.04000E+02  5.56607E+01  1.39813E-01
  1.05000E+02  5.55420E+01  1.38402E-01
  1.06000E+02  5.54243E+01  1.36947E-01
  1.07000E+02  5.53076E+01  1.35452E-01
  1.08000E+02  5.51919E+01  1.33919E-01
  1.09000E+02  5.50771E+01  1.32348E-01
  1.10000E+02  5.49633E+01  1.30740E-01
  1.11000E+02  5.48504E+01  1.29097E-01
  1.12000E+02  5.47384E+01  1.27422E-01
  1.13000E+02  5.46273E+01  1.25713E-01
  1.14000E+02  5.45171E+01  1.23975E-01
  1.15000E+02  5.44078E+01  1.22209E-01
  1.16000E+02  5.42993E+01  1.20416E-01
  1.17000E+02  5.41917E+01  1.18599E-01
  1.18000E+02  5.40849E+01  1.16760E-01
  1.19000E+02  5.39790E+01  1.14903E-01
  1.20000E+02  5.38738E+01  1.13027E-01
  1.21000E+02  5.37695E+01  1.11138E-01
  1.22000E+02  5.36659E+01  1.09238E-01
  1.23000E+02  5.35631E+01  1.07331E-01
  1.24000E+02  5.34611E+01  1.05420E-01
  1.25000E+02  5.33598E+01  1.03508E-01
  1.26000E+02  5.32593E+01  1.01602E-01
  1.27000E+02  5.31595E+01  9.97042E-02
  1.28000E+02  5.30604E+01  9.78204E-02
  1.29000E+02  5.29620E+01  9.59566E-02
  1.30000E+02  5.28643E+01  9.41185E-02
  1.31000E+02  5.27674E+01  9.23127E-02
  1.32000E+02  5.26711E+01  9.05454E-02
  1.33000E+02  5.25754E+01  8.88252E-02
  1.34000E+02  5.24805E+01  8.71590E-02
  1.35000E+02  5.23862E+01  8.55566E-02
  1.36000E+02  5.22925E+01  8.40256E-02
  1.37000E+02  5.21995E+01  8.25764E-02
  1.38000E+02  5.21071E+01  8.12187E-02
  1.39000E+02  5.20154E+01  7.99620E-02
  1.40000E+02  5.19243E+01  7.88171E-02
  1.41000E+02  5.18337E+01  7.77952E-02
  1.42000E+02  5.17438E+01  7.69056E-02
  1.43000E+02  5.16545E+01  7.61582E-02
  1.44000E+02  5.15657E+01  7.55634E-02
  1.45000E+02  5.14775E+01  7.51296E-02
  1.46000E+02  5.13899E+01  7.48634E-02
  1.47000E+02  5.13029E+01  7.47727E-02
  1.48000E+02  5.12165E+01  7.48623E-02
  1.49000E+02  5.11305E+01  7.51357E-02
  1.50000E+02  5.10452E+01  7.55944E-02
  
  
