  7.3834237E+01  1.7143298E+02
  7.3830848E+01  1.7147412E+02
  7.3827459E+01  1.7151527E+02
  7.3824068E+01  1.7155643E+02
  7.3820674E+01  1.7159761E+02
  7.3817277E+01  1.7163883E+02
  7.3813876E+01  1.7168011E+02
  7.3810467E+01  1.7172146E+02
  7.3807051E+01  1.7176290E+02
  7.3803625E+01  1.7180445E+02
  7.3800188E+01  1.7184615E+02
  7.3796736E+01  1.7188800E+02
  7.3793269E+01  1.7193004E+02
  7.3789786E+01  1.7197228E+02
  7.3786284E+01  1.7201473E+02
  7.3782762E+01  1.7205741E+02
  7.3779222E+01  1.7210032E+02
  7.3775663E+01  1.7214345E+02
  7.3772087E+01  1.7218679E+02
  7.3768494E+01  1.7223031E+02
  7.3764887E+01  1.7227401E+02
  7.3761268E+01  1.7231785E+02
  7.3757639E+01  1.7236180E+02
  7.3754002E+01  1.7240584E+02
  7.3750359E+01  1.7244995E+02
  7.3746711E+01  1.7249411E+02
  7.3743061E+01  1.7253830E+02
  7.3739409E+01  1.7258250E+02
  7.3735757E+01  1.7262671E+02
  7.3732105E+01  1.7267090E+02
  7.3728453E+01  1.7271508E+02
  7.3724803E+01  1.7275924E+02
  7.3721155E+01  1.7280337E+02
  7.3717509E+01  1.7284747E+02
  7.3713865E+01  1.7289154E+02
  7.3710223E+01  1.7293558E+02
  7.3706584E+01  1.7297958E+02
  7.3702947E+01  1.7302355E+02
  7.3699312E+01  1.7306748E+02
  7.3695681E+01  1.7311138E+02
  7.3692051E+01  1.7315524E+02
  7.3688424E+01  1.7319907E+02
  7.3684799E+01  1.7324287E+02
  7.3681176E+01  1.7328663E+02
  7.3677556E+01  1.7333036E+02
  7.3673938E+01  1.7337406E+02
  7.3670321E+01  1.7341774E+02
  7.3666707E+01  1.7346138E+02
  7.3663094E+01  1.7350499E+02
  7.3659484E+01  1.7354858E+02
  7.3655875E+01  1.7359214E+02
  7.3652268E+01  1.7363568E+02
  7.3648662E+01  1.7367919E+02
  7.3645058E+01  1.7372267E+02
  7.3641455E+01  1.7376614E+02
  7.3637854E+01  1.7380958E+02
  7.3634255E+01  1.7385300E+02
  7.3630656E+01  1.7389640E+02
  7.3627059E+01  1.7393977E+02
  7.3623463E+01  1.7398313E+02
  7.3619868E+01  1.7402647E+02
  7.3616275E+01  1.7406979E+02
  7.3612682E+01  1.7411309E+02
  7.3609091E+01  1.7415637E+02
  7.3605500E+01  1.7419964E+02
  7.3601910E+01  1.7424289E+02
  7.3598322E+01  1.7428612E+02
  7.3594734E+01  1.7432934E+02
  7.3591147E+01  1.7437254E+02
  7.3587561E+01  1.7441573E+02
  7.3583976E+01  1.7445890E+02
  7.3580391E+01  1.7450206E+02
  7.3576807E+01  1.7454521E+02
  7.3573224E+01  1.7458834E+02
  7.3569642E+01  1.7463145E+02
  7.3566060E+01  1.7467456E+02
  7.3562479E+01  1.7471765E+02
  7.3558898E+01  1.7476073E+02
  7.3555318E+01  1.7480379E+02
  7.3551739E+01  1.7484685E+02
  7.3548160E+01  1.7488989E+02
  7.3544581E+01  1.7493292E+02
  7.3541003E+01  1.7497594E+02
  7.3537426E+01  1.7501895E+02
  7.3533849E+01  1.7506195E+02
  7.3530273E+01  1.7510494E+02
  7.3526696E+01  1.7514792E+02
  7.3523121E+01  1.7519089E+02
  7.3519545E+01  1.7523384E+02
  7.3515971E+01  1.7527679E+02
  7.3512396E+01  1.7531973E+02
  7.3508822E+01  1.7536266E+02
  7.3505248E+01  1.7540558E+02
  7.3501674E+01  1.7544849E+02
  7.3498101E+01  1.7549139E+02
  7.3494528E+01  1.7553428E+02
  7.3490956E+01  1.7557717E+02
  7.3487383E+01  1.7562004E+02
  7.3483811E+01  1.7566291E+02
  7.3480239E+01  1.7570576E+02
  7.3476668E+01  1.7574861E+02
  7.3473096E+01  1.7579146E+02
  7.3469525E+01  1.7583429E+02
  7.3465954E+01  1.7587712E+02
  7.3462384E+01  1.7591993E+02
  7.3458813E+01  1.7596275E+02
  7.3455243E+01  1.7600555E+02
  7.3451673E+01  1.7604834E+02
  7.3448103E+01  1.7609113E+02
  7.3444533E+01  1.7613391E+02
  7.3440963E+01  1.7617669E+02
  7.3437394E+01  1.7621945E+02
  7.3433824E+01  1.7626221E+02
  7.3430255E+01  1.7630496E+02
  7.3426686E+01  1.7634771E+02
  7.3423117E+01  1.7639045E+02
  7.3419548E+01  1.7643318E+02
  7.3415980E+01  1.7647590E+02
  7.3412411E+01  1.7651862E+02
  7.3408842E+01  1.7656134E+02
  7.3405274E+01  1.7660404E+02
  7.3401706E+01  1.7664674E+02
  7.3398137E+01  1.7668943E+02
  7.3394569E+01  1.7673212E+02
  7.3391001E+01  1.7677480E+02
  7.3387433E+01  1.7681747E+02
  7.3383865E+01  1.7686014E+02
  7.3380297E+01  1.7690280E+02
  7.3376729E+01  1.7694546E+02
  7.3373161E+01  1.7698811E+02
  7.3369593E+01  1.7703075E+02
  7.3366025E+01  1.7707339E+02
  7.3362458E+01  1.7711602E+02
  7.3358890E+01  1.7715865E+02
  7.3355322E+01  1.7720127E+02
  7.3351754E+01  1.7724388E+02
  7.3348187E+01  1.7728649E+02
  7.3344619E+01  1.7732909E+02
  7.3341051E+01  1.7737169E+02
  7.3337484E+01  1.7741428E+02
  7.3333916E+01  1.7745687E+02
  7.3330348E+01  1.7749945E+02
  7.3326781E+01  1.7754203E+02
  7.3323213E+01  1.7758460E+02
  7.3319645E+01  1.7762716E+02
  7.3316077E+01  1.7766972E+02
  7.3312510E+01  1.7771228E+02
  7.3308942E+01  1.7775483E+02
  7.3305374E+01  1.7779737E+02
  7.3301806E+01  1.7783991E+02
  7.3298238E+01  1.7788244E+02
  7.3294670E+01  1.7792497E+02
  7.3291102E+01  1.7796749E+02
  7.3287534E+01  1.7801001E+02
  7.3283966E+01  1.7805252E+02
  7.3280398E+01  1.7809503E+02
  7.3276830E+01  1.7813753E+02
  7.3273262E+01  1.7818003E+02
  7.3269693E+01  1.7822252E+02
  7.3266125E+01  1.7826501E+02
  7.3262557E+01  1.7830749E+02
  7.3258988E+01  1.7834997E+02
  7.3255420E+01  1.7839244E+02
  7.3251851E+01  1.7843491E+02
  7.3248282E+01  1.7847737E+02
  7.3244714E+01  1.7851983E+02
  7.3241145E+01  1.7856228E+02
  7.3237576E+01  1.7860473E+02
  7.3234007E+01  1.7864717E+02
  7.3230438E+01  1.7868961E+02
  7.3226869E+01  1.7873204E+02
  7.3223299E+01  1.7877447E+02
  7.3219730E+01  1.7881689E+02
  7.3216160E+01  1.7885931E+02
  7.3212591E+01  1.7890172E+02
  7.3209021E+01  1.7894413E+02
  7.3205452E+01  1.7898654E+02
  7.3201882E+01  1.7902894E+02
  7.3198312E+01  1.7907133E+02
  7.3194742E+01  1.7911372E+02
  7.3191171E+01  1.7915611E+02
  7.3187601E+01  1.7919849E+02
  7.3184031E+01  1.7924087E+02
  7.3180460E+01  1.7928324E+02
  7.3176890E+01  1.7932561E+02
  7.3173319E+01  1.7936797E+02
  7.3169748E+01  1.7941033E+02
  7.3166177E+01  1.7945268E+02
  7.3162606E+01  1.7949503E+02
  7.3159035E+01  1.7953737E+02
  7.3155463E+01  1.7957971E+02
  7.3151892E+01  1.7962204E+02
  7.3148320E+01  1.7966437E+02
  7.3144748E+01  1.7970670E+02
  7.3141176E+01  1.7974902E+02
  7.3137604E+01  1.7979134E+02
  7.3134032E+01  1.7983365E+02
  7.3130460E+01  1.7987595E+02
  7.3126887E+01  1.7991826E+02
  7.3123315E+01  1.7996055E+02
  7.3119742E+01  1.8000285E+02
  7.3116169E+01  1.8004514E+02
  7.3112596E+01  1.8008742E+02
  7.3109023E+01  1.8012970E+02
  7.3105449E+01  1.8017198E+02
  7.3101876E+01  1.8021425E+02
  7.3098302E+01  1.8025651E+02
  7.3094728E+01  1.8029877E+02
  7.3091154E+01  1.8034103E+02
  7.3087580E+01  1.8038328E+02
  7.3084006E+01  1.8042553E+02
  7.3080431E+01  1.8046777E+02
  7.3076857E+01  1.8051001E+02
  7.3073282E+01  1.8055224E+02
  7.3069707E+01  1.8059447E+02
  7.3066132E+01  1.8063670E+02
  7.3062556E+01  1.8067892E+02
  7.3058981E+01  1.8072113E+02
  7.3055405E+01  1.8076335E+02
  7.3051829E+01  1.8080555E+02
  7.3048253E+01  1.8084775E+02
  7.3044677E+01  1.8088995E+02
  7.3041100E+01  1.8093214E+02
  7.3037524E+01  1.8097433E+02
  7.3033947E+01  1.8101652E+02
  7.3030370E+01  1.8105869E+02
  7.3026793E+01  1.8110087E+02
  7.3023216E+01  1.8114304E+02
  7.3019638E+01  1.8118520E+02
  7.3016060E+01  1.8122736E+02
  7.3012482E+01  1.8126952E+02
  7.3008904E+01  1.8131167E+02
  7.3005326E+01  1.8135382E+02
  7.3001747E+01  1.8139596E+02
  7.2998169E+01  1.8143810E+02
  7.2994590E+01  1.8148023E+02
  7.2991011E+01  1.8152236E+02
  7.2987431E+01  1.8156448E+02
  7.2983852E+01  1.8160660E+02
  7.2980272E+01  1.8164872E+02
  7.2976692E+01  1.8169082E+02
  7.2973112E+01  1.8173293E+02
  7.2969531E+01  1.8177503E+02
  7.2965951E+01  1.8181713E+02
  7.2962370E+01  1.8185922E+02
  7.2958789E+01  1.8190130E+02
  7.2955208E+01  1.8194338E+02
  7.2951626E+01  1.8198546E+02
  7.2948045E+01  1.8202753E+02
  7.2944463E+01  1.8206960E+02
  7.2940880E+01  1.8211166E+02
  7.2937298E+01  1.8215372E+02
  7.2933715E+01  1.8219577E+02
  7.2930133E+01  1.8223782E+02
  7.2926550E+01  1.8227986E+02
  7.2922966E+01  1.8232190E+02
  7.2919383E+01  1.8236393E+02
  7.2915799E+01  1.8240596E+02
  7.2912215E+01  1.8244799E+02
  7.2908631E+01  1.8249000E+02
  7.2905046E+01  1.8253202E+02
  7.2901461E+01  1.8257403E+02
  7.2897876E+01  1.8261603E+02
  7.2894291E+01  1.8265803E+02
  7.2890706E+01  1.8270002E+02
  7.2887120E+01  1.8274201E+02
  7.2883534E+01  1.8278400E+02
  7.2879948E+01  1.8282598E+02
  7.2876361E+01  1.8286795E+02
  7.2872774E+01  1.8290992E+02
  7.2869187E+01  1.8295188E+02
  7.2865600E+01  1.8299384E+02
  7.2862012E+01  1.8303580E+02
  7.2858425E+01  1.8307775E+02
  7.2854837E+01  1.8311969E+02
  7.2851248E+01  1.8316163E+02
  7.2847660E+01  1.8320356E+02
  7.2844071E+01  1.8324549E+02
  7.2840482E+01  1.8328741E+02
  7.2836892E+01  1.8332933E+02
  7.2833302E+01  1.8337124E+02
  7.2829712E+01  1.8341315E+02
  7.2826122E+01  1.8345505E+02
  7.2822532E+01  1.8349695E+02
  7.2818941E+01  1.8353884E+02
  7.2815350E+01  1.8358073E+02
  7.2811758E+01  1.8362261E+02
  7.2808166E+01  1.8366449E+02
  7.2804574E+01  1.8370636E+02
  7.2800982E+01  1.8374822E+02
  7.2797389E+01  1.8379008E+02
  7.2793797E+01  1.8383194E+02
  7.2790203E+01  1.8387378E+02
  7.2786610E+01  1.8391563E+02
  7.2783016E+01  1.8395746E+02
  7.2779422E+01  1.8399930E+02
  7.2775827E+01  1.8404112E+02
  7.2772233E+01  1.8408294E+02
  7.2768638E+01  1.8412476E+02
  7.2765042E+01  1.8416657E+02
  7.2761447E+01  1.8420837E+02
  7.2757851E+01  1.8425017E+02
  7.2754254E+01  1.8429196E+02
  7.2750658E+01  1.8433375E+02
  7.2747061E+01  1.8437553E+02
  7.2743463E+01  1.8441730E+02
  7.2739866E+01  1.8445907E+02
  7.2736268E+01  1.8450084E+02
  7.2732669E+01  1.8454259E+02
  7.2729071E+01  1.8458435E+02
  7.2725472E+01  1.8462609E+02
  7.2721872E+01  1.8466783E+02
  7.2718273E+01  1.8470956E+02
  7.2714673E+01  1.8475129E+02
  7.2711072E+01  1.8479301E+02
  7.2707471E+01  1.8483473E+02
  7.2703870E+01  1.8487644E+02
  7.2700269E+01  1.8491814E+02
  7.2696667E+01  1.8495984E+02
  7.2693065E+01  1.8500153E+02
  7.2689462E+01  1.8504321E+02
  7.2685859E+01  1.8508489E+02
  7.2682256E+01  1.8512656E+02
  7.2678652E+01  1.8516822E+02
  7.2675048E+01  1.8520988E+02
  7.2671444E+01  1.8525153E+02
  7.2667839E+01  1.8529318E+02
  7.2664234E+01  1.8533481E+02
  7.2660628E+01  1.8537645E+02
  7.2657022E+01  1.8541807E+02
  7.2653416E+01  1.8545969E+02
  7.2649809E+01  1.8550130E+02
  7.2646202E+01  1.8554291E+02
  7.2642594E+01  1.8558450E+02
  7.2638986E+01  1.8562609E+02
  7.2635378E+01  1.8566768E+02
  7.2631769E+01  1.8570925E+02
  7.2628160E+01  1.8575082E+02
  7.2624550E+01  1.8579239E+02
  7.2620940E+01  1.8583394E+02
  7.2617329E+01  1.8587549E+02
  7.2613718E+01  1.8591703E+02
  7.2610107E+01  1.8595856E+02
  7.2606495E+01  1.8600009E+02
  7.2602883E+01  1.8604161E+02
  7.2599270E+01  1.8608312E+02
  7.2595657E+01  1.8612462E+02
  7.2592043E+01  1.8616612E+02
  7.2588429E+01  1.8620761E+02
  7.2584815E+01  1.8624909E+02
  7.2581200E+01  1.8629056E+02
  7.2577584E+01  1.8633203E+02
  7.2573968E+01  1.8637348E+02
  7.2570352E+01  1.8641493E+02
  7.2566735E+01  1.8645637E+02
  7.2563117E+01  1.8649781E+02
  7.2559499E+01  1.8653923E+02
  7.2555881E+01  1.8658065E+02
  7.2552262E+01  1.8662205E+02
  7.2548642E+01  1.8666345E+02
  7.2545022E+01  1.8670484E+02
  7.2541402E+01  1.8674623E+02
  7.2537781E+01  1.8678760E+02
  7.2534160E+01  1.8682896E+02
  7.2530537E+01  1.8687032E+02
  7.2526915E+01  1.8691167E+02
  7.2523292E+01  1.8695300E+02
  7.2519668E+01  1.8699433E+02
  7.2516044E+01  1.8703565E+02
  7.2512419E+01  1.8707696E+02
  7.2508794E+01  1.8711827E+02
  7.2505168E+01  1.8715956E+02
  7.2501541E+01  1.8720084E+02
  7.2497914E+01  1.8724211E+02
  7.2494287E+01  1.8728337E+02
  7.2490658E+01  1.8732463E+02
  7.2487030E+01  1.8736587E+02
  7.2483400E+01  1.8740710E+02
  7.2479770E+01  1.8744833E+02
  7.2476139E+01  1.8748954E+02
  7.2472508E+01  1.8753074E+02
  7.2468876E+01  1.8757193E+02
  7.2465244E+01  1.8761311E+02
  7.2461610E+01  1.8765428E+02
  7.2457976E+01  1.8769544E+02
  7.2454342E+01  1.8773659E+02
  7.2450707E+01  1.8777773E+02
  7.2447071E+01  1.8781885E+02
  7.2443434E+01  1.8785996E+02
  7.2439797E+01  1.8790107E+02
  7.2436159E+01  1.8794216E+02
  7.2432520E+01  1.8798324E+02
  7.2428881E+01  1.8802430E+02
  7.2425241E+01  1.8806536E+02
  7.2421600E+01  1.8810640E+02
  7.2417958E+01  1.8814743E+02
  7.2414316E+01  1.8818845E+02
  7.2410673E+01  1.8822945E+02
  7.2407029E+01  1.8827044E+02
  7.2403384E+01  1.8831142E+02
  7.2399739E+01  1.8835239E+02
  7.2396092E+01  1.8839334E+02
  7.2392445E+01  1.8843427E+02
  7.2388797E+01  1.8847520E+02
  7.2385149E+01  1.8851611E+02
  7.2381499E+01  1.8855700E+02
  7.2377849E+01  1.8859788E+02
  7.2374197E+01  1.8863875E+02
  7.2370545E+01  1.8867960E+02
  7.2366892E+01  1.8872043E+02
  7.2363238E+01  1.8876125E+02
  7.2359583E+01  1.8880206E+02
  7.2355927E+01  1.8884284E+02
  7.2352270E+01  1.8888361E+02
  7.2348612E+01  1.8892437E+02
  7.2344953E+01  1.8896511E+02
  7.2341293E+01  1.8900583E+02
  7.2337633E+01  1.8904653E+02
  7.2333971E+01  1.8908721E+02
  7.2330308E+01  1.8912788E+02
  7.2326644E+01  1.8916853E+02
  7.2322979E+01  1.8920916E+02
  7.2319312E+01  1.8924977E+02
  7.2315645E+01  1.8929036E+02
  7.2311977E+01  1.8933093E+02
  7.2308307E+01  1.8937148E+02
  7.2304636E+01  1.8941201E+02
  7.2300964E+01  1.8945251E+02
  7.2297291E+01  1.8949300E+02
  7.2293616E+01  1.8953347E+02
  7.2289940E+01  1.8957391E+02
  7.2286263E+01  1.8961432E+02
  7.2282585E+01  1.8965472E+02
  7.2278905E+01  1.8969509E+02
  7.2275224E+01  1.8973544E+02
  7.2271541E+01  1.8977576E+02
  7.2267857E+01  1.8981605E+02
  7.2264172E+01  1.8985632E+02
  7.2260485E+01  1.8989656E+02
  7.2256796E+01  1.8993677E+02
  7.2253106E+01  1.8997695E+02
  7.2249415E+01  1.9001711E+02
  7.2245721E+01  1.9005723E+02
  7.2242026E+01  1.9009733E+02
  7.2238329E+01  1.9013739E+02
  7.2234631E+01  1.9017741E+02
  7.2230931E+01  1.9021741E+02
  7.2227228E+01  1.9025737E+02
  7.2223524E+01  1.9029729E+02
  7.2219818E+01  1.9033718E+02
  7.2216110E+01  1.9037702E+02
  7.2212400E+01  1.9041683E+02
  7.2208688E+01  1.9045660E+02
  7.2204973E+01  1.9049632E+02
  7.2201257E+01  1.9053600E+02
  7.2197537E+01  1.9057564E+02
  7.2193816E+01  1.9061523E+02
  7.2190092E+01  1.9065477E+02
  7.2186366E+01  1.9069426E+02
  7.2182637E+01  1.9073369E+02
  7.2178905E+01  1.9077307E+02
  7.2175170E+01  1.9081240E+02
  7.2171433E+01  1.9085166E+02
  7.2167692E+01  1.9089086E+02
  7.2163949E+01  1.9092999E+02
  7.2160202E+01  1.9096906E+02
  7.2156451E+01  1.9100805E+02
  7.2152697E+01  1.9104697E+02
  7.2148940E+01  1.9108580E+02
  7.2145179E+01  1.9112456E+02
  7.2141413E+01  1.9116322E+02
  7.2137644E+01  1.9120179E+02
  7.2133870E+01  1.9124025E+02
  7.2130091E+01  1.9127861E+02
  7.2126307E+01  1.9131685E+02
  7.2122519E+01  1.9135497E+02
  7.2118725E+01  1.9139296E+02
  7.2114925E+01  1.9143080E+02
  7.2111119E+01  1.9146849E+02
  7.2107306E+01  1.9150601E+02
  7.2103487E+01  1.9154335E+02
  7.2099660E+01  1.9158048E+02
  7.2095826E+01  1.9161739E+02
  7.2091983E+01  1.9165405E+02
  7.2088130E+01  1.9169043E+02
  7.2084268E+01  1.9172649E+02
  7.2080395E+01  1.9176218E+02
  7.2076509E+01  1.9179746E+02
  7.2072611E+01  1.9183223E+02
  7.2068699E+01  1.9186642E+02
  7.2064770E+01  1.9189988E+02
  7.2060825E+01  1.9193242E+02
  7.2056860E+01  1.9196378E+02
  7.2052877E+01  1.9199350E+02
  7.2048877E+01  1.9202082E+02
  7.2044875E+01  1.9204423E+02
  7.2040939E+01  1.9205999E+02
  7.2037479E+01  1.9205448E+02
  7.2038390E+01  1.9195853E+02
  7.2040987E+01  1.9189619E+02
  7.2043745E+01  1.9183955E+02
  7.2046597E+01  1.9178550E+02
  7.2049512E+01  1.9173303E+02
  7.2052474E+01  1.9168164E+02
  7.2055474E+01  1.9163105E+02
  7.2058505E+01  1.9158108E+02
  7.2061561E+01  1.9153162E+02
  7.2064639E+01  1.9148258E+02
  7.2067736E+01  1.9143389E+02
  7.2070849E+01  1.9138551E+02
  7.2073977E+01  1.9133739E+02
  7.2077119E+01  1.9128951E+02
  7.2080272E+01  1.9124184E+02
  7.2083436E+01  1.9119436E+02
  7.2086611E+01  1.9114705E+02
  7.2089794E+01  1.9109989E+02
  7.2092986E+01  1.9105288E+02
  7.2096186E+01  1.9100600E+02
  7.2099393E+01  1.9095924E+02
  7.2102607E+01  1.9091259E+02
  7.2105828E+01  1.9086605E+02
  7.2109055E+01  1.9081960E+02
  7.2112287E+01  1.9077325E+02
  7.2115525E+01  1.9072698E+02
  7.2118768E+01  1.9068080E+02
  7.2122016E+01  1.9063469E+02
  7.2125268E+01  1.9058865E+02
  7.2128525E+01  1.9054269E+02
  7.2131786E+01  1.9049679E+02
  7.2135051E+01  1.9045095E+02
  7.2138320E+01  1.9040517E+02
  7.2141593E+01  1.9035945E+02
  7.2144869E+01  1.9031378E+02
  7.2148149E+01  1.9026817E+02
  7.2151432E+01  1.9022261E+02
  7.2154718E+01  1.9017709E+02
  7.2158007E+01  1.9013162E+02
  7.2161299E+01  1.9008619E+02
  7.2164594E+01  1.9004081E+02
  7.2167892E+01  1.8999547E+02
  7.2171192E+01  1.8995017E+02
  7.2174495E+01  1.8990491E+02
  7.2177801E+01  1.8985968E+02
  7.2181109E+01  1.8981449E+02
  7.2184419E+01  1.8976934E+02
  7.2187731E+01  1.8972422E+02
  7.2191046E+01  1.8967913E+02
  7.2194363E+01  1.8963408E+02
  7.2197682E+01  1.8958905E+02
  7.2201003E+01  1.8954406E+02
  7.2204326E+01  1.8949909E+02
  7.2207651E+01  1.8945416E+02
  7.2210977E+01  1.8940925E+02
  7.2214306E+01  1.8936436E+02
  7.2217636E+01  1.8931951E+02
  7.2220968E+01  1.8927468E+02
  7.2224302E+01  1.8922987E+02
  7.2227638E+01  1.8918509E+02
  7.2230975E+01  1.8914034E+02
  7.2234314E+01  1.8909560E+02
  7.2237654E+01  1.8905089E+02
  7.2240996E+01  1.8900621E+02
  7.2244339E+01  1.8896154E+02
  7.2247684E+01  1.8891689E+02
  7.2251030E+01  1.8887227E+02
  7.2254378E+01  1.8882767E+02
  7.2257727E+01  1.8878308E+02
  7.2261077E+01  1.8873852E+02
  7.2264429E+01  1.8869397E+02
  7.2267782E+01  1.8864945E+02
  7.2271136E+01  1.8860494E+02
  7.2274492E+01  1.8856045E+02
  7.2277849E+01  1.8851598E+02
  7.2281207E+01  1.8847153E+02
  7.2284566E+01  1.8842709E+02
  7.2287926E+01  1.8838267E+02
  7.2291288E+01  1.8833826E+02
  7.2294650E+01  1.8829388E+02
  7.2298014E+01  1.8824951E+02
  7.2301379E+01  1.8820515E+02
  7.2304744E+01  1.8816081E+02
  7.2308111E+01  1.8811648E+02
  7.2311479E+01  1.8807217E+02
  7.2314848E+01  1.8802788E+02
  7.2318218E+01  1.8798360E+02
  7.2321589E+01  1.8793933E+02
  7.2324961E+01  1.8789508E+02
  7.2328334E+01  1.8785084E+02
  7.2331708E+01  1.8780661E+02
  7.2335082E+01  1.8776240E+02
  7.2338458E+01  1.8771820E+02
  7.2341835E+01  1.8767402E+02
  7.2345212E+01  1.8762984E+02
  7.2348590E+01  1.8758568E+02
  7.2351970E+01  1.8754154E+02
  7.2355350E+01  1.8749740E+02
  7.2358731E+01  1.8745328E+02
  7.2362112E+01  1.8740917E+02
  7.2365495E+01  1.8736507E+02
  7.2368878E+01  1.8732098E+02
  7.2372262E+01  1.8727690E+02
  7.2375647E+01  1.8723284E+02
  7.2379033E+01  1.8718879E+02
  7.2382420E+01  1.8714474E+02
  7.2385807E+01  1.8710071E+02
  7.2389195E+01  1.8705669E+02
  7.2392584E+01  1.8701268E+02
  7.2395973E+01  1.8696868E+02
  7.2399363E+01  1.8692469E+02
  7.2402754E+01  1.8688072E+02
  7.2406146E+01  1.8683675E+02
  7.2409538E+01  1.8679279E+02
  7.2412931E+01  1.8674884E+02
  7.2416325E+01  1.8670490E+02
  7.2419719E+01  1.8666098E+02
  7.2423114E+01  1.8661706E+02
  7.2426510E+01  1.8657315E+02
  7.2429906E+01  1.8652925E+02
  7.2433303E+01  1.8648536E+02
  7.2436701E+01  1.8644148E+02
  7.2440099E+01  1.8639761E+02
  7.2443498E+01  1.8635374E+02
  7.2446897E+01  1.8630989E+02
  7.2450297E+01  1.8626604E+02
  7.2453698E+01  1.8622221E+02
  7.2457099E+01  1.8617838E+02
  7.2460501E+01  1.8613456E+02
  7.2463904E+01  1.8609075E+02
  7.2467307E+01  1.8604695E+02
  7.2470710E+01  1.8600316E+02
  7.2474114E+01  1.8595937E+02
  7.2477519E+01  1.8591560E+02
  7.2480924E+01  1.8587183E+02
  7.2484330E+01  1.8582807E+02
  7.2487737E+01  1.8578432E+02
  7.2491144E+01  1.8574057E+02
  7.2494551E+01  1.8569684E+02
  7.2497959E+01  1.8565311E+02
  7.2501368E+01  1.8560939E+02
  7.2504777E+01  1.8556568E+02
  7.2508186E+01  1.8552197E+02
  7.2511596E+01  1.8547827E+02
  7.2515007E+01  1.8543458E+02
  7.2518418E+01  1.8539090E+02
  7.2521829E+01  1.8534722E+02
  7.2525242E+01  1.8530356E+02
  7.2528654E+01  1.8525990E+02
  7.2532067E+01  1.8521624E+02
  7.2535481E+01  1.8517260E+02
  7.2538895E+01  1.8512896E+02
  7.2542309E+01  1.8508533E+02
  7.2545724E+01  1.8504170E+02
  7.2549139E+01  1.8499808E+02
  7.2552555E+01  1.8495447E+02
  7.2555971E+01  1.8491087E+02
  7.2559388E+01  1.8486727E+02
  7.2562805E+01  1.8482368E+02
  7.2566223E+01  1.8478010E+02
  7.2569641E+01  1.8473652E+02
  7.2573060E+01  1.8469295E+02
  7.2576479E+01  1.8464938E+02
  7.2579898E+01  1.8460583E+02
  7.2583318E+01  1.8456228E+02
  7.2586738E+01  1.8451873E+02
  7.2590159E+01  1.8447519E+02
  7.2593580E+01  1.8443166E+02
  7.2597001E+01  1.8438814E+02
  7.2600423E+01  1.8434462E+02
  7.2603845E+01  1.8430111E+02
  7.2607268E+01  1.8425760E+02
  7.2610691E+01  1.8421410E+02
  7.2614115E+01  1.8417060E+02
  7.2617538E+01  1.8412712E+02
  7.2620963E+01  1.8408363E+02
  7.2624387E+01  1.8404016E+02
  7.2627812E+01  1.8399669E+02
  7.2631238E+01  1.8395322E+02
  7.2634664E+01  1.8390977E+02
  7.2638090E+01  1.8386631E+02
  7.2641516E+01  1.8382287E+02
  7.2644943E+01  1.8377943E+02
  7.2648371E+01  1.8373599E+02
  7.2651798E+01  1.8369256E+02
  7.2655226E+01  1.8364914E+02
  7.2658655E+01  1.8360572E+02
  7.2662083E+01  1.8356231E+02
  7.2665512E+01  1.8351891E+02
  7.2668942E+01  1.8347551E+02
  7.2672372E+01  1.8343211E+02
  7.2675802E+01  1.8338872E+02
  7.2679232E+01  1.8334534E+02
  7.2682663E+01  1.8330196E+02
  7.2686094E+01  1.8325859E+02
  7.2689526E+01  1.8321522E+02
  7.2692957E+01  1.8317186E+02
  7.2696389E+01  1.8312850E+02
  7.2699822E+01  1.8308515E+02
  7.2703255E+01  1.8304181E+02
  7.2706688E+01  1.8299847E+02
  7.2710121E+01  1.8295513E+02
  7.2713555E+01  1.8291180E+02
  7.2716989E+01  1.8286848E+02
  7.2720424E+01  1.8282516E+02
  7.2723858E+01  1.8278185E+02
  7.2727293E+01  1.8273854E+02
  7.2730729E+01  1.8269523E+02
  7.2734164E+01  1.8265193E+02
  7.2737600E+01  1.8260864E+02
  7.2741036E+01  1.8256535E+02
  7.2744473E+01  1.8252207E+02
  7.2747910E+01  1.8247879E+02
  7.2751347E+01  1.8243552E+02
  7.2754784E+01  1.8239225E+02
  7.2758222E+01  1.8234899E+02
  7.2761660E+01  1.8230573E+02
  7.2765099E+01  1.8226248E+02
  7.2768537E+01  1.8221923E+02
  7.2771976E+01  1.8217599E+02
  7.2775415E+01  1.8213275E+02
  7.2778855E+01  1.8208952E+02
  7.2782294E+01  1.8204629E+02
  7.2785734E+01  1.8200307E+02
  7.2789175E+01  1.8195985E+02
  7.2792615E+01  1.8191664E+02
  7.2796056E+01  1.8187343E+02
  7.2799497E+01  1.8183023E+02
  7.2802938E+01  1.8178703E+02
  7.2806380E+01  1.8174383E+02
  7.2809822E+01  1.8170064E+02
  7.2813264E+01  1.8165746E+02
  7.2816706E+01  1.8161428E+02
  7.2820149E+01  1.8157111E+02
  7.2823592E+01  1.8152794E+02
  7.2827035E+01  1.8148477E+02
  7.2830479E+01  1.8144161E+02
  7.2833922E+01  1.8139845E+02
  7.2837366E+01  1.8135530E+02
  7.2840810E+01  1.8131216E+02
  7.2844255E+01  1.8126901E+02
  7.2847700E+01  1.8122588E+02
  7.2851144E+01  1.8118274E+02
  7.2854590E+01  1.8113962E+02
  7.2858035E+01  1.8109649E+02
  7.2861481E+01  1.8105337E+02
  7.2864927E+01  1.8101026E+02
  7.2868373E+01  1.8096715E+02
  7.2871819E+01  1.8092405E+02
  7.2875266E+01  1.8088095E+02
  7.2878712E+01  1.8083785E+02
  7.2882159E+01  1.8079476E+02
  7.2885607E+01  1.8075167E+02
  7.2889054E+01  1.8070859E+02
  7.2892502E+01  1.8066551E+02
  7.2895950E+01  1.8062244E+02
  7.2899398E+01  1.8057937E+02
  7.2902846E+01  1.8053631E+02
  7.2906295E+01  1.8049325E+02
  7.2909744E+01  1.8045019E+02
  7.2913193E+01  1.8040714E+02
  7.2916642E+01  1.8036410E+02
  7.2920091E+01  1.8032105E+02
  7.2923541E+01  1.8027802E+02
  7.2926991E+01  1.8023498E+02
  7.2930441E+01  1.8019196E+02
  7.2933891E+01  1.8014893E+02
  7.2937341E+01  1.8010591E+02
  7.2940792E+01  1.8006290E+02
  7.2944243E+01  1.8001989E+02
  7.2947694E+01  1.7997688E+02
  7.2951145E+01  1.7993388E+02
  7.2954597E+01  1.7989088E+02
  7.2958048E+01  1.7984789E+02
  7.2961500E+01  1.7980490E+02
  7.2964952E+01  1.7976192E+02
  7.2968404E+01  1.7971894E+02
  7.2971857E+01  1.7967596E+02
  7.2975309E+01  1.7963299E+02
  7.2978762E+01  1.7959003E+02
  7.2982215E+01  1.7954707E+02
  7.2985668E+01  1.7950411E+02
  7.2989121E+01  1.7946116E+02
  7.2992575E+01  1.7941821E+02
  7.2996029E+01  1.7937526E+02
  7.2999482E+01  1.7933232E+02
  7.3002936E+01  1.7928939E+02
  7.3006390E+01  1.7924646E+02
  7.3009845E+01  1.7920353E+02
  7.3013299E+01  1.7916061E+02
  7.3016754E+01  1.7911769E+02
  7.3020209E+01  1.7907478E+02
  7.3023664E+01  1.7903187E+02
  7.3027119E+01  1.7898896E+02
  7.3030574E+01  1.7894606E+02
  7.3034030E+01  1.7890317E+02
  7.3037485E+01  1.7886028E+02
  7.3040941E+01  1.7881739E+02
  7.3044397E+01  1.7877451E+02
  7.3047853E+01  1.7873163E+02
  7.3051309E+01  1.7868876E+02
  7.3054766E+01  1.7864589E+02
  7.3058222E+01  1.7860302E+02
  7.3061679E+01  1.7856016E+02
  7.3065136E+01  1.7851731E+02
  7.3068592E+01  1.7847446E+02
  7.3072050E+01  1.7843161E+02
  7.3075507E+01  1.7838877E+02
  7.3078964E+01  1.7834593E+02
  7.3082422E+01  1.7830310E+02
  7.3085879E+01  1.7826027E+02
  7.3089337E+01  1.7821744E+02
  7.3092795E+01  1.7817462E+02
  7.3096253E+01  1.7813181E+02
  7.3099711E+01  1.7808900E+02
  7.3103169E+01  1.7804619E+02
  7.3106627E+01  1.7800339E+02
  7.3110086E+01  1.7796059E+02
  7.3113544E+01  1.7791780E+02
  7.3117003E+01  1.7787501E+02
  7.3120462E+01  1.7783223E+02
  7.3123921E+01  1.7778945E+02
  7.3127380E+01  1.7774667E+02
  7.3130839E+01  1.7770390E+02
  7.3134298E+01  1.7766114E+02
  7.3137757E+01  1.7761838E+02
  7.3141217E+01  1.7757562E+02
  7.3144676E+01  1.7753287E+02
  7.3148136E+01  1.7749012E+02
  7.3151596E+01  1.7744738E+02
  7.3155055E+01  1.7740464E+02
  7.3158515E+01  1.7736191E+02
  7.3161975E+01  1.7731918E+02
  7.3165435E+01  1.7727646E+02
  7.3168896E+01  1.7723374E+02
  7.3172356E+01  1.7719103E+02
  7.3175816E+01  1.7714832E+02
  7.3179276E+01  1.7710562E+02
  7.3182737E+01  1.7706292E+02
  7.3186197E+01  1.7702022E+02
  7.3189658E+01  1.7697753E+02
  7.3193118E+01  1.7693485E+02
  7.3196579E+01  1.7689217E+02
  7.3200040E+01  1.7684949E+02
  7.3203501E+01  1.7680682E+02
  7.3206961E+01  1.7676416E+02
  7.3210422E+01  1.7672150E+02
  7.3213883E+01  1.7667884E+02
  7.3217344E+01  1.7663619E+02
  7.3220805E+01  1.7659355E+02
  7.3224266E+01  1.7655091E+02
  7.3227727E+01  1.7650828E+02
  7.3231189E+01  1.7646565E+02
  7.3234650E+01  1.7642302E+02
  7.3238111E+01  1.7638040E+02
  7.3241572E+01  1.7633779E+02
  7.3245033E+01  1.7629518E+02
  7.3248495E+01  1.7625258E+02
  7.3251956E+01  1.7620998E+02
  7.3255417E+01  1.7616739E+02
  7.3258878E+01  1.7612480E+02
  7.3262340E+01  1.7608222E+02
  7.3265801E+01  1.7603964E+02
  7.3269262E+01  1.7599707E+02
  7.3272723E+01  1.7595451E+02
  7.3276185E+01  1.7591195E+02
  7.3279646E+01  1.7586939E+02
  7.3283107E+01  1.7582684E+02
  7.3286568E+01  1.7578430E+02
  7.3290029E+01  1.7574176E+02
  7.3293490E+01  1.7569923E+02
  7.3296951E+01  1.7565671E+02
  7.3300412E+01  1.7561419E+02
  7.3303873E+01  1.7557167E+02
  7.3307334E+01  1.7552917E+02
  7.3310795E+01  1.7548667E+02
  7.3314256E+01  1.7544417E+02
  7.3317717E+01  1.7540168E+02
  7.3321177E+01  1.7535920E+02
  7.3324638E+01  1.7531672E+02
  7.3328098E+01  1.7527425E+02
  7.3331559E+01  1.7523179E+02
  7.3335019E+01  1.7518933E+02
  7.3338479E+01  1.7514688E+02
  7.3341939E+01  1.7510443E+02
  7.3345399E+01  1.7506199E+02
  7.3348859E+01  1.7501956E+02
  7.3352319E+01  1.7497714E+02
  7.3355778E+01  1.7493472E+02
  7.3359238E+01  1.7489231E+02
  7.3362697E+01  1.7484990E+02
  7.3366156E+01  1.7480751E+02
  7.3369615E+01  1.7476512E+02
  7.3373074E+01  1.7472273E+02
  7.3376533E+01  1.7468036E+02
  7.3379991E+01  1.7463799E+02
  7.3383449E+01  1.7459563E+02
  7.3386907E+01  1.7455328E+02
  7.3390365E+01  1.7451093E+02
  7.3393823E+01  1.7446860E+02
  7.3397280E+01  1.7442627E+02
  7.3400737E+01  1.7438394E+02
  7.3404194E+01  1.7434163E+02
  7.3407651E+01  1.7429933E+02
  7.3411107E+01  1.7425703E+02
  7.3414563E+01  1.7421474E+02
  7.3418019E+01  1.7417246E+02
  7.3421475E+01  1.7413019E+02
  7.3424930E+01  1.7408793E+02
  7.3428385E+01  1.7404568E+02
  7.3431839E+01  1.7400343E+02
  7.3435293E+01  1.7396120E+02
  7.3438747E+01  1.7391897E+02
  7.3442201E+01  1.7387676E+02
  7.3445654E+01  1.7383455E+02
  7.3449106E+01  1.7379236E+02
  7.3452558E+01  1.7375017E+02
  7.3456010E+01  1.7370800E+02
  7.3459462E+01  1.7366583E+02
  7.3462912E+01  1.7362368E+02
  7.3466363E+01  1.7358154E+02
  7.3469813E+01  1.7353940E+02
  7.3473262E+01  1.7349728E+02
  7.3476711E+01  1.7345518E+02
  7.3480159E+01  1.7341308E+02
  7.3483606E+01  1.7337099E+02
  7.3487053E+01  1.7332892E+02
  7.3490500E+01  1.7328686E+02
  7.3493945E+01  1.7324482E+02
  7.3497390E+01  1.7320278E+02
  7.3500835E+01  1.7316076E+02
  7.3504278E+01  1.7311876E+02
  7.3507721E+01  1.7307677E+02
  7.3511163E+01  1.7303479E+02
  7.3514604E+01  1.7299283E+02
  7.3518045E+01  1.7295088E+02
  7.3521484E+01  1.7290895E+02
  7.3524923E+01  1.7286703E+02
  7.3528361E+01  1.7282513E+02
  7.3531797E+01  1.7278325E+02
  7.3535233E+01  1.7274138E+02
  7.3538667E+01  1.7269954E+02
  7.3542101E+01  1.7265771E+02
  7.3545533E+01  1.7261590E+02
  7.3548964E+01  1.7257410E+02
  7.3552394E+01  1.7253233E+02
  7.3555823E+01  1.7249058E+02
  7.3559250E+01  1.7244885E+02
  7.3562676E+01  1.7240714E+02
  7.3566101E+01  1.7236545E+02
  7.3569524E+01  1.7232379E+02
  7.3572946E+01  1.7228214E+02
  7.3576366E+01  1.7224052E+02
  7.3579784E+01  1.7219893E+02
  7.3583201E+01  1.7215736E+02
  7.3586616E+01  1.7211582E+02
  7.3590030E+01  1.7207430E+02
  7.3593441E+01  1.7203281E+02
  7.3596851E+01  1.7199134E+02
  7.3600259E+01  1.7194990E+02
  7.3603665E+01  1.7190849E+02
  7.3607069E+01  1.7186711E+02
  7.3610471E+01  1.7182576E+02
  7.3613872E+01  1.7178443E+02
  7.3617270E+01  1.7174314E+02
  7.3620667E+01  1.7170187E+02
  7.3624061E+01  1.7166062E+02
  7.3627454E+01  1.7161940E+02
  7.3630846E+01  1.7157820E+02
  7.3634236E+01  1.7153703E+02
  7.3637626E+01  1.7149586E+02
  7.3641015E+01  1.7145472E+02
  7.3644403E+01  1.7141357E+02
  7.3647792E+01  1.7137243E+02
  7.3651182E+01  1.7133128E+02
  7.3642805E+01  1.7143298E+02
  7.3646193E+01  1.7139184E+02
  7.3649583E+01  1.7135070E+02
  7.3652974E+01  1.7130954E+02
  7.3656367E+01  1.7126835E+02
  7.3659764E+01  1.7122713E+02
  7.3663166E+01  1.7118585E+02
  7.3666574E+01  1.7114451E+02
  7.3669990E+01  1.7110306E+02
  7.3673416E+01  1.7106151E+02
  7.3676854E+01  1.7101982E+02
  7.3680305E+01  1.7097796E+02
  7.3683772E+01  1.7093592E+02
  7.3687256E+01  1.7089369E+02
  7.3690758E+01  1.7085123E+02
  7.3694279E+01  1.7080855E+02
  7.3697819E+01  1.7076564E+02
  7.3701378E+01  1.7072251E+02
  7.3704955E+01  1.7067918E+02
  7.3708547E+01  1.7063565E+02
  7.3712154E+01  1.7059195E+02
  7.3715773E+01  1.7054812E+02
  7.3719402E+01  1.7050416E+02
  7.3723039E+01  1.7046012E+02
  7.3726683E+01  1.7041601E+02
  7.3730330E+01  1.7037185E+02
  7.3733980E+01  1.7032766E+02
  7.3737632E+01  1.7028346E+02
  7.3741285E+01  1.7023926E+02
  7.3744937E+01  1.7019506E+02
  7.3748588E+01  1.7015088E+02
  7.3752238E+01  1.7010672E+02
  7.3755886E+01  1.7006259E+02
  7.3759533E+01  1.7001849E+02
  7.3763177E+01  1.6997442E+02
  7.3766818E+01  1.6993038E+02
  7.3770458E+01  1.6988638E+02
  7.3774094E+01  1.6984241E+02
  7.3777729E+01  1.6979848E+02
  7.3781361E+01  1.6975458E+02
  7.3784990E+01  1.6971072E+02
  7.3788617E+01  1.6966689E+02
  7.3792242E+01  1.6962310E+02
  7.3795865E+01  1.6957933E+02
  7.3799485E+01  1.6953560E+02
  7.3803104E+01  1.6949190E+02
  7.3806720E+01  1.6944823E+02
  7.3810334E+01  1.6940458E+02
  7.3813947E+01  1.6936097E+02
  7.3817558E+01  1.6931738E+02
  7.3821166E+01  1.6927382E+02
  7.3824774E+01  1.6923029E+02
  7.3828379E+01  1.6918678E+02
  7.3831983E+01  1.6914329E+02
  7.3835586E+01  1.6909983E+02
  7.3839187E+01  1.6905638E+02
  7.3842787E+01  1.6901296E+02
  7.3846385E+01  1.6896957E+02
  7.3849982E+01  1.6892619E+02
  7.3853578E+01  1.6888283E+02
  7.3857173E+01  1.6883949E+02
  7.3860767E+01  1.6879617E+02
  7.3864359E+01  1.6875287E+02
  7.3867951E+01  1.6870959E+02
  7.3871541E+01  1.6866632E+02
  7.3875131E+01  1.6862307E+02
  7.3878720E+01  1.6857984E+02
  7.3882307E+01  1.6853662E+02
  7.3885894E+01  1.6849342E+02
  7.3889480E+01  1.6845023E+02
  7.3893066E+01  1.6840706E+02
  7.3896650E+01  1.6836390E+02
  7.3900234E+01  1.6832076E+02
  7.3903817E+01  1.6827763E+02
  7.3907400E+01  1.6823451E+02
  7.3910981E+01  1.6819141E+02
  7.3914563E+01  1.6814831E+02
  7.3918143E+01  1.6810524E+02
  7.3921723E+01  1.6806217E+02
  7.3925303E+01  1.6801911E+02
  7.3928882E+01  1.6797607E+02
  7.3932460E+01  1.6793304E+02
  7.3936038E+01  1.6789002E+02
  7.3939615E+01  1.6784701E+02
  7.3943192E+01  1.6780401E+02
  7.3946769E+01  1.6776102E+02
  7.3950345E+01  1.6771804E+02
  7.3953921E+01  1.6767508E+02
  7.3957496E+01  1.6763212E+02
  7.3961071E+01  1.6758917E+02
  7.3964645E+01  1.6754623E+02
  7.3968219E+01  1.6750330E+02
  7.3971793E+01  1.6746039E+02
  7.3975367E+01  1.6741747E+02
  7.3978940E+01  1.6737457E+02
  7.3982513E+01  1.6733168E+02
  7.3986086E+01  1.6728880E+02
  7.3989658E+01  1.6724592E+02
  7.3993230E+01  1.6720306E+02
  7.3996802E+01  1.6716020E+02
  7.4000374E+01  1.6711735E+02
  7.4003945E+01  1.6707451E+02
  7.4007516E+01  1.6703167E+02
  7.4011087E+01  1.6698885E+02
  7.4014658E+01  1.6694603E+02
  7.4018228E+01  1.6690322E+02
  7.4021798E+01  1.6686041E+02
  7.4025369E+01  1.6681762E+02
  7.4028939E+01  1.6677483E+02
  7.4032508E+01  1.6673205E+02
  7.4036078E+01  1.6668928E+02
  7.4039648E+01  1.6664651E+02
  7.4043217E+01  1.6660375E+02
  7.4046786E+01  1.6656100E+02
  7.4050355E+01  1.6651825E+02
  7.4053924E+01  1.6647551E+02
  7.4057493E+01  1.6643278E+02
  7.4061062E+01  1.6639006E+02
  7.4064630E+01  1.6634734E+02
  7.4068199E+01  1.6630463E+02
  7.4071767E+01  1.6626192E+02
  7.4075336E+01  1.6621922E+02
  7.4078904E+01  1.6617653E+02
  7.4082472E+01  1.6613384E+02
  7.4086040E+01  1.6609116E+02
  7.4089609E+01  1.6604849E+02
  7.4093177E+01  1.6600582E+02
  7.4096745E+01  1.6596316E+02
  7.4100312E+01  1.6592050E+02
  7.4103880E+01  1.6587786E+02
  7.4107448E+01  1.6583521E+02
  7.4111016E+01  1.6579257E+02
  7.4114584E+01  1.6574994E+02
  7.4118152E+01  1.6570732E+02
  7.4121719E+01  1.6566469E+02
  7.4125287E+01  1.6562208E+02
  7.4128855E+01  1.6557947E+02
  7.4132422E+01  1.6553687E+02
  7.4135990E+01  1.6549427E+02
  7.4139558E+01  1.6545168E+02
  7.4143125E+01  1.6540909E+02
  7.4146693E+01  1.6536651E+02
  7.4150261E+01  1.6532393E+02
  7.4153828E+01  1.6528136E+02
  7.4157396E+01  1.6523880E+02
  7.4160964E+01  1.6519624E+02
  7.4164532E+01  1.6515369E+02
  7.4168100E+01  1.6511114E+02
  7.4171667E+01  1.6506859E+02
  7.4175235E+01  1.6502606E+02
  7.4178803E+01  1.6498352E+02
  7.4182371E+01  1.6494099E+02
  7.4185939E+01  1.6489847E+02
  7.4189507E+01  1.6485595E+02
  7.4193075E+01  1.6481344E+02
  7.4196643E+01  1.6477093E+02
  7.4200211E+01  1.6472843E+02
  7.4203780E+01  1.6468593E+02
  7.4207348E+01  1.6464344E+02
  7.4210916E+01  1.6460096E+02
  7.4214485E+01  1.6455847E+02
  7.4218053E+01  1.6451600E+02
  7.4221622E+01  1.6447352E+02
  7.4225190E+01  1.6443106E+02
  7.4228759E+01  1.6438859E+02
  7.4232328E+01  1.6434614E+02
  7.4235897E+01  1.6430368E+02
  7.4239465E+01  1.6426124E+02
  7.4243034E+01  1.6421879E+02
  7.4246604E+01  1.6417636E+02
  7.4250173E+01  1.6413392E+02
  7.4253742E+01  1.6409149E+02
  7.4257311E+01  1.6404907E+02
  7.4260881E+01  1.6400665E+02
  7.4264450E+01  1.6396424E+02
  7.4268020E+01  1.6392183E+02
  7.4271590E+01  1.6387942E+02
  7.4275160E+01  1.6383702E+02
  7.4278730E+01  1.6379463E+02
  7.4282300E+01  1.6375224E+02
  7.4285870E+01  1.6370985E+02
  7.4289440E+01  1.6366747E+02
  7.4293011E+01  1.6362510E+02
  7.4296581E+01  1.6358272E+02
  7.4300152E+01  1.6354036E+02
  7.4303723E+01  1.6349799E+02
  7.4307293E+01  1.6345564E+02
  7.4310864E+01  1.6341328E+02
  7.4314436E+01  1.6337094E+02
  7.4318007E+01  1.6332859E+02
  7.4321578E+01  1.6328625E+02
  7.4325150E+01  1.6324392E+02
  7.4328721E+01  1.6320159E+02
  7.4332293E+01  1.6315926E+02
  7.4335865E+01  1.6311694E+02
  7.4339437E+01  1.6307463E+02
  7.4343009E+01  1.6303231E+02
  7.4346582E+01  1.6299001E+02
  7.4350154E+01  1.6294771E+02
  7.4353727E+01  1.6290541E+02
  7.4357300E+01  1.6286311E+02
  7.4360872E+01  1.6282083E+02
  7.4364446E+01  1.6277854E+02
  7.4368019E+01  1.6273626E+02
  7.4371592E+01  1.6269399E+02
  7.4375166E+01  1.6265172E+02
  7.4378739E+01  1.6260945E+02
  7.4382313E+01  1.6256719E+02
  7.4385887E+01  1.6252493E+02
  7.4389461E+01  1.6248268E+02
  7.4393036E+01  1.6244043E+02
  7.4396610E+01  1.6239819E+02
  7.4400185E+01  1.6235595E+02
  7.4403760E+01  1.6231372E+02
  7.4407335E+01  1.6227149E+02
  7.4410910E+01  1.6222926E+02
  7.4414485E+01  1.6218704E+02
  7.4418061E+01  1.6214483E+02
  7.4421636E+01  1.6210262E+02
  7.4425212E+01  1.6206041E+02
  7.4428788E+01  1.6201821E+02
  7.4432365E+01  1.6197601E+02
  7.4435941E+01  1.6193382E+02
  7.4439518E+01  1.6189163E+02
  7.4443094E+01  1.6184945E+02
  7.4446671E+01  1.6180727E+02
  7.4450248E+01  1.6176509E+02
  7.4453826E+01  1.6172292E+02
  7.4457403E+01  1.6168076E+02
  7.4460981E+01  1.6163860E+02
  7.4464559E+01  1.6159644E+02
  7.4468137E+01  1.6155429E+02
  7.4471715E+01  1.6151214E+02
  7.4475294E+01  1.6147000E+02
  7.4478873E+01  1.6142786E+02
  7.4482452E+01  1.6138573E+02
  7.4486031E+01  1.6134360E+02
  7.4489610E+01  1.6130148E+02
  7.4493190E+01  1.6125936E+02
  7.4496769E+01  1.6121725E+02
  7.4500349E+01  1.6117514E+02
  7.4503930E+01  1.6113303E+02
  7.4507510E+01  1.6109093E+02
  7.4511091E+01  1.6104884E+02
  7.4514671E+01  1.6100675E+02
  7.4518252E+01  1.6096466E+02
  7.4521834E+01  1.6092258E+02
  7.4525415E+01  1.6088050E+02
  7.4528997E+01  1.6083843E+02
  7.4532579E+01  1.6079636E+02
  7.4536161E+01  1.6075430E+02
  7.4539743E+01  1.6071224E+02
  7.4543326E+01  1.6067019E+02
  7.4546909E+01  1.6062814E+02
  7.4550492E+01  1.6058610E+02
  7.4554075E+01  1.6054406E+02
  7.4557659E+01  1.6050203E+02
  7.4561242E+01  1.6046000E+02
  7.4564826E+01  1.6041798E+02
  7.4568411E+01  1.6037596E+02
  7.4571995E+01  1.6033395E+02
  7.4575580E+01  1.6029194E+02
  7.4579165E+01  1.6024993E+02
  7.4582750E+01  1.6020793E+02
  7.4586336E+01  1.6016594E+02
  7.4589921E+01  1.6012395E+02
  7.4593507E+01  1.6008197E+02
  7.4597094E+01  1.6003999E+02
  7.4600680E+01  1.5999801E+02
  7.4604267E+01  1.5995604E+02
  7.4607854E+01  1.5991408E+02
  7.4611441E+01  1.5987212E+02
  7.4615029E+01  1.5983017E+02
  7.4618617E+01  1.5978822E+02
  7.4622205E+01  1.5974627E+02
  7.4625793E+01  1.5970433E+02
  7.4629382E+01  1.5966240E+02
  7.4632971E+01  1.5962047E+02
  7.4636560E+01  1.5957855E+02
  7.4640149E+01  1.5953663E+02
  7.4643739E+01  1.5949472E+02
  7.4647329E+01  1.5945281E+02
  7.4650919E+01  1.5941091E+02
  7.4654510E+01  1.5936901E+02
  7.4658101E+01  1.5932712E+02
  7.4661692E+01  1.5928523E+02
  7.4665283E+01  1.5924335E+02
  7.4668875E+01  1.5920148E+02
  7.4672467E+01  1.5915961E+02
  7.4676059E+01  1.5911774E+02
  7.4679652E+01  1.5907588E+02
  7.4683245E+01  1.5903403E+02
  7.4686838E+01  1.5899218E+02
  7.4690432E+01  1.5895034E+02
  7.4694025E+01  1.5890850E+02
  7.4697619E+01  1.5886667E+02
  7.4701214E+01  1.5882484E+02
  7.4704809E+01  1.5878302E+02
  7.4708404E+01  1.5874120E+02
  7.4711999E+01  1.5869939E+02
  7.4715595E+01  1.5865759E+02
  7.4719191E+01  1.5861579E+02
  7.4722787E+01  1.5857400E+02
  7.4726384E+01  1.5853221E+02
  7.4729981E+01  1.5849043E+02
  7.4733578E+01  1.5844866E+02
  7.4737176E+01  1.5840689E+02
  7.4740774E+01  1.5836513E+02
  7.4744372E+01  1.5832337E+02
  7.4747971E+01  1.5828162E+02
  7.4751570E+01  1.5823987E+02
  7.4755169E+01  1.5819813E+02
  7.4758769E+01  1.5815640E+02
  7.4762369E+01  1.5811467E+02
  7.4765969E+01  1.5807295E+02
  7.4769570E+01  1.5803124E+02
  7.4773171E+01  1.5798953E+02
  7.4776773E+01  1.5794782E+02
  7.4780374E+01  1.5790613E+02
  7.4783977E+01  1.5786444E+02
  7.4787579E+01  1.5782275E+02
  7.4791182E+01  1.5778108E+02
  7.4794785E+01  1.5773941E+02
  7.4798389E+01  1.5769774E+02
  7.4801993E+01  1.5765608E+02
  7.4805598E+01  1.5761443E+02
  7.4809202E+01  1.5757279E+02
  7.4812808E+01  1.5753115E+02
  7.4816413E+01  1.5748952E+02
  7.4820019E+01  1.5744789E+02
  7.4823626E+01  1.5740627E+02
  7.4827232E+01  1.5736466E+02
  7.4830840E+01  1.5732306E+02
  7.4834447E+01  1.5728146E+02
  7.4838055E+01  1.5723987E+02
  7.4841664E+01  1.5719829E+02
  7.4845272E+01  1.5715671E+02
  7.4848882E+01  1.5711514E+02
  7.4852491E+01  1.5707358E+02
  7.4856101E+01  1.5703202E+02
  7.4859712E+01  1.5699047E+02
  7.4863323E+01  1.5694893E+02
  7.4866934E+01  1.5690740E+02
  7.4870546E+01  1.5686587E+02
  7.4874159E+01  1.5682435E+02
  7.4877771E+01  1.5678284E+02
  7.4881384E+01  1.5674134E+02
  7.4884998E+01  1.5669984E+02
  7.4888612E+01  1.5665835E+02
  7.4892227E+01  1.5661687E+02
  7.4895842E+01  1.5657540E+02
  7.4899457E+01  1.5653394E+02
  7.4903073E+01  1.5649248E+02
  7.4906690E+01  1.5645103E+02
  7.4910307E+01  1.5640959E+02
  7.4913924E+01  1.5636816E+02
  7.4917542E+01  1.5632673E+02
  7.4921161E+01  1.5628532E+02
  7.4924779E+01  1.5624391E+02
  7.4928399E+01  1.5620251E+02
  7.4932019E+01  1.5616112E+02
  7.4935639E+01  1.5611974E+02
  7.4939260E+01  1.5607836E+02
  7.4942882E+01  1.5603700E+02
  7.4946504E+01  1.5599564E+02
  7.4950126E+01  1.5595430E+02
  7.4953750E+01  1.5591296E+02
  7.4957373E+01  1.5587163E+02
  7.4960997E+01  1.5583031E+02
  7.4964622E+01  1.5578900E+02
  7.4968248E+01  1.5574770E+02
  7.4971873E+01  1.5570641E+02
  7.4975500E+01  1.5566512E+02
  7.4979127E+01  1.5562385E+02
  7.4982755E+01  1.5558259E+02
  7.4986383E+01  1.5554134E+02
  7.4990012E+01  1.5550009E+02
  7.4993641E+01  1.5545886E+02
  7.4997271E+01  1.5541764E+02
  7.5000902E+01  1.5537643E+02
  7.5004533E+01  1.5533522E+02
  7.5008165E+01  1.5529403E+02
  7.5011798E+01  1.5525285E+02
  7.5015431E+01  1.5521168E+02
  7.5019065E+01  1.5517052E+02
  7.5022699E+01  1.5512937E+02
  7.5026335E+01  1.5508824E+02
  7.5029971E+01  1.5504711E+02
  7.5033607E+01  1.5500600E+02
  7.5037244E+01  1.5496490E+02
  7.5040882E+01  1.5492380E+02
  7.5044521E+01  1.5488273E+02
  7.5048160E+01  1.5484166E+02
  7.5051801E+01  1.5480060E+02
  7.5055441E+01  1.5475956E+02
  7.5059083E+01  1.5471853E+02
  7.5062725E+01  1.5467751E+02
  7.5066369E+01  1.5463651E+02
  7.5070012E+01  1.5459552E+02
  7.5073657E+01  1.5455454E+02
  7.5077303E+01  1.5451358E+02
  7.5080949E+01  1.5447263E+02
  7.5084596E+01  1.5443169E+02
  7.5088244E+01  1.5439076E+02
  7.5091893E+01  1.5434986E+02
  7.5095542E+01  1.5430896E+02
  7.5099193E+01  1.5426808E+02
  7.5102844E+01  1.5422722E+02
  7.5106496E+01  1.5418637E+02
  7.5110150E+01  1.5414553E+02
  7.5113804E+01  1.5410471E+02
  7.5117459E+01  1.5406391E+02
  7.5121115E+01  1.5402312E+02
  7.5124771E+01  1.5398235E+02
  7.5128429E+01  1.5394159E+02
  7.5132088E+01  1.5390086E+02
  7.5135748E+01  1.5386014E+02
  7.5139409E+01  1.5381943E+02
  7.5143071E+01  1.5377875E+02
  7.5146734E+01  1.5373808E+02
  7.5150398E+01  1.5369744E+02
  7.5154063E+01  1.5365681E+02
  7.5157729E+01  1.5361620E+02
  7.5161396E+01  1.5357561E+02
  7.5165065E+01  1.5353504E+02
  7.5168734E+01  1.5349449E+02
  7.5172405E+01  1.5345396E+02
  7.5176077E+01  1.5341345E+02
  7.5179751E+01  1.5337296E+02
  7.5183425E+01  1.5333250E+02
  7.5187101E+01  1.5329206E+02
  7.5190778E+01  1.5325164E+02
  7.5194456E+01  1.5321124E+02
  7.5198136E+01  1.5317087E+02
  7.5201817E+01  1.5313053E+02
  7.5205500E+01  1.5309021E+02
  7.5209184E+01  1.5304991E+02
  7.5212869E+01  1.5300964E+02
  7.5216556E+01  1.5296940E+02
  7.5220245E+01  1.5292919E+02
  7.5223935E+01  1.5288901E+02
  7.5227627E+01  1.5284885E+02
  7.5231320E+01  1.5280873E+02
  7.5235015E+01  1.5276864E+02
  7.5238712E+01  1.5272858E+02
  7.5242410E+01  1.5268855E+02
  7.5246111E+01  1.5264855E+02
  7.5249813E+01  1.5260860E+02
  7.5253517E+01  1.5256867E+02
  7.5257223E+01  1.5252879E+02
  7.5260931E+01  1.5248894E+02
  7.5264641E+01  1.5244913E+02
  7.5268354E+01  1.5240936E+02
  7.5272068E+01  1.5236964E+02
  7.5275785E+01  1.5232996E+02
  7.5279504E+01  1.5229032E+02
  7.5283225E+01  1.5225073E+02
  7.5286949E+01  1.5221119E+02
  7.5290676E+01  1.5217171E+02
  7.5294405E+01  1.5213227E+02
  7.5298136E+01  1.5209289E+02
  7.5301871E+01  1.5205357E+02
  7.5305609E+01  1.5201430E+02
  7.5309349E+01  1.5197510E+02
  7.5313093E+01  1.5193597E+02
  7.5316840E+01  1.5189690E+02
  7.5320590E+01  1.5185791E+02
  7.5324344E+01  1.5181899E+02
  7.5328101E+01  1.5178016E+02
  7.5331863E+01  1.5174141E+02
  7.5335628E+01  1.5170274E+02
  7.5339398E+01  1.5166418E+02
  7.5343172E+01  1.5162571E+02
  7.5346950E+01  1.5158735E+02
  7.5350734E+01  1.5154911E+02
  7.5354523E+01  1.5151099E+02
  7.5358317E+01  1.5147300E+02
  7.5362117E+01  1.5143516E+02
  7.5365922E+01  1.5139747E+02
  7.5369735E+01  1.5135995E+02
  7.5373554E+01  1.5132261E+02
  7.5377381E+01  1.5128548E+02
  7.5381216E+01  1.5124857E+02
  7.5385059E+01  1.5121191E+02
  7.5388911E+01  1.5117554E+02
  7.5392773E+01  1.5113948E+02
  7.5396647E+01  1.5110378E+02
  7.5400532E+01  1.5106851E+02
  7.5404430E+01  1.5103373E+02
  7.5408343E+01  1.5099954E+02
  7.5412271E+01  1.5096608E+02
  7.5416217E+01  1.5093354E+02
  7.5420181E+01  1.5090219E+02
  7.5424165E+01  1.5087247E+02
  7.5428165E+01  1.5084514E+02
  7.5432166E+01  1.5082173E+02
  7.5436103E+01  1.5080597E+02
  7.5439562E+01  1.5081149E+02
  7.5438652E+01  1.5090743E+02
  7.5436054E+01  1.5096977E+02
  7.5433296E+01  1.5102642E+02
  7.5430445E+01  1.5108046E+02
  7.5427530E+01  1.5113293E+02
  7.5424567E+01  1.5118433E+02
  7.5421567E+01  1.5123492E+02
  7.5418536E+01  1.5128488E+02
  7.5415480E+01  1.5133434E+02
  7.5412402E+01  1.5138338E+02
  7.5409306E+01  1.5143207E+02
  7.5406192E+01  1.5148045E+02
  7.5403064E+01  1.5152857E+02
  7.5399923E+01  1.5157645E+02
  7.5396769E+01  1.5162412E+02
  7.5393605E+01  1.5167160E+02
  7.5390431E+01  1.5171891E+02
  7.5387247E+01  1.5176607E+02
  7.5384055E+01  1.5181308E+02
  7.5380855E+01  1.5185996E+02
  7.5377648E+01  1.5190672E+02
  7.5374434E+01  1.5195337E+02
  7.5371213E+01  1.5199991E+02
  7.5367987E+01  1.5204636E+02
  7.5364754E+01  1.5209271E+02
  7.5361516E+01  1.5213898E+02
  7.5358274E+01  1.5218516E+02
  7.5355026E+01  1.5223127E+02
  7.5351773E+01  1.5227731E+02
  7.5348516E+01  1.5232327E+02
  7.5345255E+01  1.5236918E+02
  7.5341990E+01  1.5241501E+02
  7.5338721E+01  1.5246079E+02
  7.5335448E+01  1.5250651E+02
  7.5332172E+01  1.5255218E+02
  7.5328892E+01  1.5259779E+02
  7.5325609E+01  1.5264336E+02
  7.5322323E+01  1.5268887E+02
  7.5319034E+01  1.5273434E+02
  7.5315742E+01  1.5277977E+02
  7.5312447E+01  1.5282515E+02
  7.5309149E+01  1.5287049E+02
  7.5305849E+01  1.5291579E+02
  7.5302546E+01  1.5296106E+02
  7.5299241E+01  1.5300628E+02
  7.5295933E+01  1.5305147E+02
  7.5292623E+01  1.5309662E+02
  7.5289310E+01  1.5314174E+02
  7.5285995E+01  1.5318683E+02
  7.5282679E+01  1.5323189E+02
  7.5279360E+01  1.5327691E+02
  7.5276039E+01  1.5332191E+02
  7.5272716E+01  1.5336687E+02
  7.5269391E+01  1.5341181E+02
  7.5266064E+01  1.5345672E+02
  7.5262735E+01  1.5350160E+02
  7.5259405E+01  1.5354645E+02
  7.5256073E+01  1.5359128E+02
  7.5252739E+01  1.5363609E+02
  7.5249403E+01  1.5368087E+02
  7.5246066E+01  1.5372563E+02
  7.5242728E+01  1.5377036E+02
  7.5239387E+01  1.5381507E+02
  7.5236045E+01  1.5385976E+02
  7.5232702E+01  1.5390442E+02
  7.5229357E+01  1.5394907E+02
  7.5226011E+01  1.5399369E+02
  7.5222663E+01  1.5403830E+02
  7.5219314E+01  1.5408288E+02
  7.5215964E+01  1.5412744E+02
  7.5212612E+01  1.5417199E+02
  7.5209259E+01  1.5421651E+02
  7.5205905E+01  1.5426102E+02
  7.5202549E+01  1.5430551E+02
  7.5199193E+01  1.5434998E+02
  7.5195835E+01  1.5439444E+02
  7.5192476E+01  1.5443887E+02
  7.5189115E+01  1.5448329E+02
  7.5185754E+01  1.5452770E+02
  7.5182391E+01  1.5457209E+02
  7.5179028E+01  1.5461646E+02
  7.5175663E+01  1.5466081E+02
  7.5172297E+01  1.5470515E+02
  7.5168930E+01  1.5474948E+02
  7.5165562E+01  1.5479379E+02
  7.5162193E+01  1.5483808E+02
  7.5158823E+01  1.5488237E+02
  7.5155452E+01  1.5492663E+02
  7.5152080E+01  1.5497089E+02
  7.5148707E+01  1.5501512E+02
  7.5145334E+01  1.5505935E+02
  7.5141959E+01  1.5510356E+02
  7.5138583E+01  1.5514776E+02
  7.5135207E+01  1.5519195E+02
  7.5131829E+01  1.5523612E+02
  7.5128451E+01  1.5528028E+02
  7.5125072E+01  1.5532443E+02
  7.5121692E+01  1.5536856E+02
  7.5118311E+01  1.5541268E+02
  7.5114929E+01  1.5545680E+02
  7.5111546E+01  1.5550089E+02
  7.5108163E+01  1.5554498E+02
  7.5104779E+01  1.5558906E+02
  7.5101394E+01  1.5563312E+02
  7.5098008E+01  1.5567718E+02
  7.5094622E+01  1.5572122E+02
  7.5091235E+01  1.5576525E+02
  7.5087847E+01  1.5580927E+02
  7.5084458E+01  1.5585328E+02
  7.5081068E+01  1.5589728E+02
  7.5077678E+01  1.5594127E+02
  7.5074287E+01  1.5598525E+02
  7.5070896E+01  1.5602921E+02
  7.5067503E+01  1.5607317E+02
  7.5064110E+01  1.5611712E+02
  7.5060717E+01  1.5616106E+02
  7.5057322E+01  1.5620499E+02
  7.5053927E+01  1.5624891E+02
  7.5050532E+01  1.5629281E+02
  7.5047135E+01  1.5633671E+02
  7.5043738E+01  1.5638060E+02
  7.5040341E+01  1.5642449E+02
  7.5036942E+01  1.5646836E+02
  7.5033544E+01  1.5651222E+02
  7.5030144E+01  1.5655607E+02
  7.5026744E+01  1.5659992E+02
  7.5023343E+01  1.5664375E+02
  7.5019942E+01  1.5668758E+02
  7.5016540E+01  1.5673140E+02
  7.5013138E+01  1.5677521E+02
  7.5009735E+01  1.5681901E+02
  7.5006331E+01  1.5686280E+02
  7.5002927E+01  1.5690659E+02
  7.4999522E+01  1.5695036E+02
  7.4996117E+01  1.5699413E+02
  7.4992711E+01  1.5703789E+02
  7.4989305E+01  1.5708165E+02
  7.4985898E+01  1.5712539E+02
  7.4982490E+01  1.5716913E+02
  7.4979082E+01  1.5721285E+02
  7.4975674E+01  1.5725657E+02
  7.4972265E+01  1.5730029E+02
  7.4968855E+01  1.5734399E+02
  7.4965445E+01  1.5738769E+02
  7.4962035E+01  1.5743138E+02
  7.4958623E+01  1.5747506E+02
  7.4955212E+01  1.5751874E+02
  7.4951800E+01  1.5756241E+02
  7.4948387E+01  1.5760607E+02
  7.4944974E+01  1.5764972E+02
  7.4941561E+01  1.5769337E+02
  7.4938147E+01  1.5773700E+02
  7.4934732E+01  1.5778064E+02
  7.4931317E+01  1.5782426E+02
  7.4927902E+01  1.5786788E+02
  7.4924486E+01  1.5791149E+02
  7.4921070E+01  1.5795509E+02
  7.4917653E+01  1.5799869E+02
  7.4914236E+01  1.5804228E+02
  7.4910818E+01  1.5808587E+02
  7.4907400E+01  1.5812944E+02
  7.4903982E+01  1.5817301E+02
  7.4900563E+01  1.5821658E+02
  7.4897143E+01  1.5826014E+02
  7.4893724E+01  1.5830369E+02
  7.4890303E+01  1.5834723E+02
  7.4886883E+01  1.5839077E+02
  7.4883462E+01  1.5843430E+02
  7.4880040E+01  1.5847783E+02
  7.4876618E+01  1.5852134E+02
  7.4873196E+01  1.5856486E+02
  7.4869773E+01  1.5860836E+02
  7.4866350E+01  1.5865186E+02
  7.4862927E+01  1.5869536E+02
  7.4859503E+01  1.5873885E+02
  7.4856079E+01  1.5878233E+02
  7.4852654E+01  1.5882580E+02
  7.4849229E+01  1.5886927E+02
  7.4845804E+01  1.5891274E+02
  7.4842378E+01  1.5895620E+02
  7.4838952E+01  1.5899965E+02
  7.4835525E+01  1.5904309E+02
  7.4832098E+01  1.5908653E+02
  7.4828671E+01  1.5912997E+02
  7.4825243E+01  1.5917340E+02
  7.4821815E+01  1.5921682E+02
  7.4818387E+01  1.5926024E+02
  7.4814958E+01  1.5930365E+02
  7.4811529E+01  1.5934706E+02
  7.4808100E+01  1.5939046E+02
  7.4804670E+01  1.5943385E+02
  7.4801240E+01  1.5947724E+02
  7.4797809E+01  1.5952062E+02
  7.4794378E+01  1.5956400E+02
  7.4790947E+01  1.5960737E+02
  7.4787516E+01  1.5965074E+02
  7.4784084E+01  1.5969410E+02
  7.4780652E+01  1.5973746E+02
  7.4777219E+01  1.5978081E+02
  7.4773787E+01  1.5982416E+02
  7.4770353E+01  1.5986750E+02
  7.4766920E+01  1.5991083E+02
  7.4763486E+01  1.5995416E+02
  7.4760052E+01  1.5999748E+02
  7.4756618E+01  1.6004080E+02
  7.4753183E+01  1.6008412E+02
  7.4749748E+01  1.6012743E+02
  7.4746313E+01  1.6017073E+02
  7.4742877E+01  1.6021403E+02
  7.4739441E+01  1.6025732E+02
  7.4736005E+01  1.6030061E+02
  7.4732568E+01  1.6034389E+02
  7.4729131E+01  1.6038717E+02
  7.4725694E+01  1.6043044E+02
  7.4722257E+01  1.6047371E+02
  7.4718819E+01  1.6051697E+02
  7.4715381E+01  1.6056023E+02
  7.4711943E+01  1.6060348E+02
  7.4708504E+01  1.6064673E+02
  7.4705065E+01  1.6068997E+02
  7.4701626E+01  1.6073321E+02
  7.4698187E+01  1.6077644E+02
  7.4694747E+01  1.6081967E+02
  7.4691307E+01  1.6086289E+02
  7.4687867E+01  1.6090611E+02
  7.4684426E+01  1.6094932E+02
  7.4680985E+01  1.6099253E+02
  7.4677544E+01  1.6103574E+02
  7.4674103E+01  1.6107894E+02
  7.4670661E+01  1.6112213E+02
  7.4667219E+01  1.6116532E+02
  7.4663777E+01  1.6120850E+02
  7.4660335E+01  1.6125168E+02
  7.4656892E+01  1.6129486E+02
  7.4653449E+01  1.6133803E+02
  7.4650006E+01  1.6138119E+02
  7.4646563E+01  1.6142435E+02
  7.4643119E+01  1.6146751E+02
  7.4639675E+01  1.6151066E+02
  7.4636231E+01  1.6155381E+02
  7.4632786E+01  1.6159695E+02
  7.4629342E+01  1.6164009E+02
  7.4625897E+01  1.6168322E+02
  7.4622452E+01  1.6172635E+02
  7.4619006E+01  1.6176947E+02
  7.4615561E+01  1.6181259E+02
  7.4612115E+01  1.6185570E+02
  7.4608669E+01  1.6189881E+02
  7.4605222E+01  1.6194192E+02
  7.4601776E+01  1.6198502E+02
  7.4598329E+01  1.6202811E+02
  7.4594882E+01  1.6207120E+02
  7.4591435E+01  1.6211429E+02
  7.4587987E+01  1.6215737E+02
  7.4584540E+01  1.6220045E+02
  7.4581092E+01  1.6224352E+02
  7.4577643E+01  1.6228659E+02
  7.4574195E+01  1.6232966E+02
  7.4570747E+01  1.6237272E+02
  7.4567298E+01  1.6241577E+02
  7.4563849E+01  1.6245882E+02
  7.4560400E+01  1.6250187E+02
  7.4556950E+01  1.6254491E+02
  7.4553500E+01  1.6258795E+02
  7.4550051E+01  1.6263098E+02
  7.4546601E+01  1.6267401E+02
  7.4543150E+01  1.6271703E+02
  7.4539700E+01  1.6276005E+02
  7.4536249E+01  1.6280306E+02
  7.4532798E+01  1.6284607E+02
  7.4529347E+01  1.6288908E+02
  7.4525896E+01  1.6293208E+02
  7.4522445E+01  1.6297508E+02
  7.4518993E+01  1.6301807E+02
  7.4515541E+01  1.6306106E+02
  7.4512089E+01  1.6310404E+02
  7.4508637E+01  1.6314702E+02
  7.4505185E+01  1.6319000E+02
  7.4501732E+01  1.6323297E+02
  7.4498279E+01  1.6327593E+02
  7.4494826E+01  1.6331890E+02
  7.4491373E+01  1.6336185E+02
  7.4487920E+01  1.6340481E+02
  7.4484466E+01  1.6344776E+02
  7.4481013E+01  1.6349070E+02
  7.4477559E+01  1.6353364E+02
  7.4474105E+01  1.6357657E+02
  7.4470651E+01  1.6361951E+02
  7.4467197E+01  1.6366243E+02
  7.4463742E+01  1.6370535E+02
  7.4460287E+01  1.6374827E+02
  7.4456833E+01  1.6379118E+02
  7.4453378E+01  1.6383409E+02
  7.4449922E+01  1.6387700E+02
  7.4446467E+01  1.6391990E+02
  7.4443012E+01  1.6396279E+02
  7.4439556E+01  1.6400568E+02
  7.4436100E+01  1.6404857E+02
  7.4432644E+01  1.6409145E+02
  7.4429188E+01  1.6413433E+02
  7.4425732E+01  1.6417721E+02
  7.4422276E+01  1.6422007E+02
  7.4418819E+01  1.6426294E+02
  7.4415363E+01  1.6430580E+02
  7.4411906E+01  1.6434865E+02
  7.4408449E+01  1.6439151E+02
  7.4404992E+01  1.6443435E+02
  7.4401535E+01  1.6447720E+02
  7.4398077E+01  1.6452003E+02
  7.4394620E+01  1.6456287E+02
  7.4391162E+01  1.6460570E+02
  7.4387704E+01  1.6464852E+02
  7.4384247E+01  1.6469134E+02
  7.4380789E+01  1.6473416E+02
  7.4377331E+01  1.6477697E+02
  7.4373872E+01  1.6481977E+02
  7.4370414E+01  1.6486257E+02
  7.4366955E+01  1.6490537E+02
  7.4363497E+01  1.6494816E+02
  7.4360038E+01  1.6499095E+02
  7.4356579E+01  1.6503374E+02
  7.4353121E+01  1.6507652E+02
  7.4349662E+01  1.6511929E+02
  7.4346202E+01  1.6516206E+02
  7.4342743E+01  1.6520482E+02
  7.4339284E+01  1.6524759E+02
  7.4335824E+01  1.6529034E+02
  7.4332365E+01  1.6533309E+02
  7.4328905E+01  1.6537584E+02
  7.4325446E+01  1.6541858E+02
  7.4321986E+01  1.6546132E+02
  7.4318526E+01  1.6550405E+02
  7.4315066E+01  1.6554678E+02
  7.4311606E+01  1.6558950E+02
  7.4308146E+01  1.6563222E+02
  7.4304686E+01  1.6567493E+02
  7.4301225E+01  1.6571764E+02
  7.4297765E+01  1.6576035E+02
  7.4294305E+01  1.6580305E+02
  7.4290844E+01  1.6584574E+02
  7.4287384E+01  1.6588843E+02
  7.4283923E+01  1.6593111E+02
  7.4280462E+01  1.6597379E+02
  7.4277001E+01  1.6601647E+02
  7.4273541E+01  1.6605914E+02
  7.4270080E+01  1.6610180E+02
  7.4266619E+01  1.6614446E+02
  7.4263158E+01  1.6618712E+02
  7.4259697E+01  1.6622977E+02
  7.4256236E+01  1.6627241E+02
  7.4252775E+01  1.6631505E+02
  7.4249314E+01  1.6635769E+02
  7.4245853E+01  1.6640032E+02
  7.4242392E+01  1.6644294E+02
  7.4238930E+01  1.6648556E+02
  7.4235469E+01  1.6652817E+02
  7.4232008E+01  1.6657078E+02
  7.4228547E+01  1.6661338E+02
  7.4225086E+01  1.6665598E+02
  7.4221624E+01  1.6669858E+02
  7.4218163E+01  1.6674116E+02
  7.4214702E+01  1.6678374E+02
  7.4211241E+01  1.6682632E+02
  7.4207779E+01  1.6686889E+02
  7.4204318E+01  1.6691146E+02
  7.4200857E+01  1.6695402E+02
  7.4197396E+01  1.6699657E+02
  7.4193934E+01  1.6703912E+02
  7.4190473E+01  1.6708166E+02
  7.4187012E+01  1.6712420E+02
  7.4183551E+01  1.6716673E+02
  7.4180090E+01  1.6720925E+02
  7.4176629E+01  1.6725177E+02
  7.4173168E+01  1.6729429E+02
  7.4169707E+01  1.6733680E+02
  7.4166246E+01  1.6737930E+02
  7.4162786E+01  1.6742179E+02
  7.4159325E+01  1.6746428E+02
  7.4155864E+01  1.6750677E+02
  7.4152404E+01  1.6754924E+02
  7.4148943E+01  1.6759171E+02
  7.4145483E+01  1.6763418E+02
  7.4142022E+01  1.6767663E+02
  7.4138562E+01  1.6771909E+02
  7.4135102E+01  1.6776153E+02
  7.4131642E+01  1.6780397E+02
  7.4128182E+01  1.6784640E+02
  7.4124723E+01  1.6788883E+02
  7.4121263E+01  1.6793124E+02
  7.4117804E+01  1.6797365E+02
  7.4114344E+01  1.6801606E+02
  7.4110885E+01  1.6805846E+02
  7.4107426E+01  1.6810085E+02
  7.4103967E+01  1.6814323E+02
  7.4100509E+01  1.6818560E+02
  7.4097050E+01  1.6822797E+02
  7.4093592E+01  1.6827033E+02
  7.4090134E+01  1.6831268E+02
  7.4086676E+01  1.6835503E+02
  7.4083219E+01  1.6839737E+02
  7.4079761E+01  1.6843970E+02
  7.4076304E+01  1.6848202E+02
  7.4072847E+01  1.6852433E+02
  7.4069391E+01  1.6856664E+02
  7.4065934E+01  1.6860893E+02
  7.4062478E+01  1.6865122E+02
  7.4059022E+01  1.6869350E+02
  7.4055567E+01  1.6873577E+02
  7.4052112E+01  1.6877803E+02
  7.4048657E+01  1.6882029E+02
  7.4045202E+01  1.6886253E+02
  7.4041748E+01  1.6890476E+02
  7.4038294E+01  1.6894699E+02
  7.4034841E+01  1.6898920E+02
  7.4031388E+01  1.6903141E+02
  7.4027935E+01  1.6907361E+02
  7.4024483E+01  1.6911579E+02
  7.4021031E+01  1.6915797E+02
  7.4017580E+01  1.6920013E+02
  7.4014129E+01  1.6924228E+02
  7.4010679E+01  1.6928443E+02
  7.4007229E+01  1.6932656E+02
  7.4003780E+01  1.6936868E+02
  7.4000331E+01  1.6941079E+02
  7.3996883E+01  1.6945288E+02
  7.3993435E+01  1.6949497E+02
  7.3989988E+01  1.6953704E+02
  7.3986542E+01  1.6957910E+02
  7.3983096E+01  1.6962115E+02
  7.3979651E+01  1.6966318E+02
  7.3976207E+01  1.6970520E+02
  7.3972763E+01  1.6974721E+02
  7.3969320E+01  1.6978920E+02
  7.3965878E+01  1.6983117E+02
  7.3962437E+01  1.6987314E+02
  7.3958997E+01  1.6991508E+02
  7.3955557E+01  1.6995702E+02
  7.3952118E+01  1.6999893E+02
  7.3948681E+01  1.7004083E+02
  7.3945244E+01  1.7008271E+02
  7.3941809E+01  1.7012458E+02
  7.3938374E+01  1.7016643E+02
  7.3934940E+01  1.7020826E+02
  7.3931508E+01  1.7025007E+02
  7.3928077E+01  1.7029186E+02
  7.3924647E+01  1.7033363E+02
  7.3921218E+01  1.7037538E+02
  7.3917791E+01  1.7041711E+02
  7.3914365E+01  1.7045882E+02
  7.3910940E+01  1.7050051E+02
  7.3907517E+01  1.7054218E+02
  7.3904095E+01  1.7058382E+02
  7.3900675E+01  1.7062544E+02
  7.3897257E+01  1.7066703E+02
  7.3893840E+01  1.7070860E+02
  7.3890425E+01  1.7075015E+02
  7.3887011E+01  1.7079166E+02
  7.3883600E+01  1.7083316E+02
  7.3880190E+01  1.7087462E+02
  7.3876782E+01  1.7091606E+02
  7.3873376E+01  1.7095747E+02
  7.3869972E+01  1.7099885E+02
  7.3866570E+01  1.7104020E+02
  7.3863170E+01  1.7108153E+02
  7.3859771E+01  1.7112283E+02
  7.3856375E+01  1.7116410E+02
  7.3852980E+01  1.7120534E+02
  7.3849587E+01  1.7124656E+02
  7.3846195E+01  1.7128776E+02
  7.3842805E+01  1.7132894E+02
  7.3839415E+01  1.7137010E+02
  7.3836027E+01  1.7141125E+02
  7.3832638E+01  1.7145239E+02
  7.3829249E+01  1.7149353E+02
  7.3825859E+01  1.7153468E+02
