  7.7305275E+01  7.3738521E+01
  7.7303387E+01  7.3787283E+01
  7.7301393E+01  7.3835590E+01
  7.7299297E+01  7.3883432E+01
  7.7297102E+01  7.3930799E+01
  7.7294811E+01  7.3977683E+01
  7.7292428E+01  7.4024076E+01
  7.7289953E+01  7.4069970E+01
  7.7287391E+01  7.4115358E+01
  7.7284743E+01  7.4160234E+01
  7.7282012E+01  7.4204591E+01
  7.7279199E+01  7.4248421E+01
  7.7276306E+01  7.4291718E+01
  7.7273334E+01  7.4334476E+01
  7.7270287E+01  7.4376686E+01
  7.7267164E+01  7.4418342E+01
  7.7263968E+01  7.4459434E+01
  7.7260699E+01  7.4499956E+01
  7.7257359E+01  7.4539897E+01
  7.7253949E+01  7.4579248E+01
  7.7250470E+01  7.4617999E+01
  7.7246924E+01  7.4656138E+01
  7.7243310E+01  7.4693654E+01
  7.7239631E+01  7.4730533E+01
  7.7235887E+01  7.4766764E+01
  7.7232079E+01  7.4802330E+01
  7.7228209E+01  7.4837217E+01
  7.7224276E+01  7.4871409E+01
  7.7220281E+01  7.4904888E+01
  7.7216227E+01  7.4937636E+01
  7.7212113E+01  7.4969634E+01
  7.7207941E+01  7.5000860E+01
  7.7203711E+01  7.5031295E+01
  7.7199425E+01  7.5060914E+01
  7.7195083E+01  7.5089694E+01
  7.7190687E+01  7.5117610E+01
  7.7186237E+01  7.5144635E+01
  7.7181734E+01  7.5170741E+01
  7.7177180E+01  7.5195898E+01
  7.7172576E+01  7.5220076E+01
  7.7167922E+01  7.5243240E+01
  7.7163221E+01  7.5265356E+01
  7.7158474E+01  7.5286387E+01
  7.7153682E+01  7.5306295E+01
  7.7148846E+01  7.5325037E+01
  7.7143969E+01  7.5342570E+01
  7.7139052E+01  7.5358847E+01
  7.7134098E+01  7.5373820E+01
  7.7129109E+01  7.5387437E+01
  7.7124087E+01  7.5399642E+01
  7.7119036E+01  7.5410376E+01
  7.7113959E+01  7.5419579E+01
  7.7108858E+01  7.5427186E+01
  7.7103740E+01  7.5433128E+01
  7.7098607E+01  7.5437334E+01
  7.7093466E+01  7.5439730E+01
  7.7088322E+01  7.5440238E+01
  7.7083183E+01  7.5438779E+01
  7.7078055E+01  7.5435271E+01
  7.7072947E+01  7.5429633E+01
  7.7067870E+01  7.5421783E+01
  7.7062832E+01  7.5411642E+01
  7.7057847E+01  7.5399136E+01
  7.7052927E+01  7.5384196E+01
  7.7048087E+01  7.5366761E+01
  7.7043340E+01  7.5346786E+01
  7.7038705E+01  7.5324236E+01
  7.7034196E+01  7.5299100E+01
  7.7029832E+01  7.5271384E+01
  7.7025630E+01  7.5241121E+01
  7.7021606E+01  7.5208368E+01
  7.7017777E+01  7.5173209E+01
  7.7014158E+01  7.5135753E+01
  7.7010760E+01  7.5096133E+01
  7.7007596E+01  7.5054500E+01
  7.7004672E+01  7.5011023E+01
  7.7001996E+01  7.4965881E+01
  7.6999571E+01  7.4919256E+01
  7.6997396E+01  7.4871334E+01
  7.6995471E+01  7.4822294E+01
  7.6993794E+01  7.4772310E+01
  7.6992358E+01  7.4721545E+01
  7.6991157E+01  7.4670148E+01
  7.6990186E+01  7.4618259E+01
  7.6989435E+01  7.4566002E+01
  7.6988897E+01  7.4513488E+01
  7.6988564E+01  7.4460818E+01
  7.6988427E+01  7.4408078E+01
  7.6988478E+01  7.4355346E+01
  7.6988709E+01  7.4302689E+01
  7.6989113E+01  7.4250167E+01
  7.6989681E+01  7.4197830E+01
  7.6990406E+01  7.4145723E+01
  7.6991282E+01  7.4093884E+01
  7.6992303E+01  7.4042348E+01
  7.6993462E+01  7.3991143E+01
  7.6994754E+01  7.3940295E+01
  7.6996173E+01  7.3889826E+01
  7.6997715E+01  7.3839754E+01
  7.6999375E+01  7.3790098E+01
  7.7001149E+01  7.3740872E+01
  7.7001237E+01  7.3738521E+01
  7.7003125E+01  7.3689758E+01
  7.7005119E+01  7.3641451E+01
  7.7007215E+01  7.3593609E+01
  7.7009410E+01  7.3546242E+01
  7.7011700E+01  7.3499358E+01
  7.7014084E+01  7.3452965E+01
  7.7016558E+01  7.3407071E+01
  7.7019120E+01  7.3361683E+01
  7.7021768E+01  7.3316807E+01
  7.7024500E+01  7.3272451E+01
  7.7027313E+01  7.3228620E+01
  7.7030206E+01  7.3185323E+01
  7.7033177E+01  7.3142566E+01
  7.7036225E+01  7.3100355E+01
  7.7039348E+01  7.3058700E+01
  7.7042544E+01  7.3017607E+01
  7.7045813E+01  7.2977085E+01
  7.7049153E+01  7.2937144E+01
  7.7052563E+01  7.2897793E+01
  7.7056041E+01  7.2859043E+01
  7.7059588E+01  7.2820904E+01
  7.7063201E+01  7.2783388E+01
  7.7066880E+01  7.2746508E+01
  7.7070624E+01  7.2710278E+01
  7.7074432E+01  7.2674711E+01
  7.7078303E+01  7.2639824E+01
  7.7082236E+01  7.2605632E+01
  7.7086230E+01  7.2572153E+01
  7.7090285E+01  7.2539405E+01
  7.7094398E+01  7.2507408E+01
  7.7098571E+01  7.2476181E+01
  7.7102800E+01  7.2445747E+01
  7.7107087E+01  7.2416127E+01
  7.7111428E+01  7.2387347E+01
  7.7115825E+01  7.2359431E+01
  7.7120275E+01  7.2332406E+01
  7.7124778E+01  7.2306300E+01
  7.7129332E+01  7.2281143E+01
  7.7133936E+01  7.2256966E+01
  7.7138589E+01  7.2233802E+01
  7.7143290E+01  7.2211686E+01
  7.7148038E+01  7.2190654E+01
  7.7152830E+01  7.2170747E+01
  7.7157666E+01  7.2152005E+01
  7.7162543E+01  7.2134472E+01
  7.7167459E+01  7.2118194E+01
  7.7172413E+01  7.2103221E+01
  7.7177402E+01  7.2089604E+01
  7.7182424E+01  7.2077400E+01
  7.7187475E+01  7.2066665E+01
  7.7192553E+01  7.2057462E+01
  7.7197653E+01  7.2049855E+01
  7.7202772E+01  7.2043913E+01
  7.7207905E+01  7.2039707E+01
  7.7213046E+01  7.2037311E+01
  7.7218189E+01  7.2036803E+01
  7.7223329E+01  7.2038263E+01
  7.7228457E+01  7.2041771E+01
  7.7233564E+01  7.2047409E+01
  7.7238642E+01  7.2055258E+01
  7.7243679E+01  7.2065399E+01
  7.7248664E+01  7.2077905E+01
  7.7253584E+01  7.2092845E+01
  7.7258425E+01  7.2110280E+01
  7.7263171E+01  7.2130256E+01
  7.7267807E+01  7.2152805E+01
  7.7272316E+01  7.2177942E+01
  7.7276680E+01  7.2205657E+01
  7.7280882E+01  7.2235921E+01
  7.7284905E+01  7.2268673E+01
  7.7288734E+01  7.2303832E+01
  7.7292354E+01  7.2341288E+01
  7.7295752E+01  7.2380909E+01
  7.7298916E+01  7.2422541E+01
  7.7301839E+01  7.2466018E+01
  7.7304515E+01  7.2511161E+01
  7.7306941E+01  7.2557785E+01
  7.7309116E+01  7.2605707E+01
  7.7311040E+01  7.2654747E+01
  7.7312718E+01  7.2704731E+01
  7.7314154E+01  7.2755497E+01
  7.7315354E+01  7.2806893E+01
  7.7316326E+01  7.2858782E+01
  7.7317077E+01  7.2911040E+01
  7.7317614E+01  7.2963553E+01
  7.7317947E+01  7.3016224E+01
  7.7318084E+01  7.3068964E+01
  7.7318033E+01  7.3121696E+01
  7.7317802E+01  7.3174352E+01
  7.7317399E+01  7.3226875E+01
  7.7316831E+01  7.3279212E+01
  7.7316106E+01  7.3331319E+01
  7.7315229E+01  7.3383157E+01
  7.7314209E+01  7.3434693E+01
  7.7313050E+01  7.3485898E+01
  7.7311758E+01  7.3536746E+01
  7.7310338E+01  7.3587216E+01
  7.7308796E+01  7.3637287E+01
  7.7307136E+01  7.3686943E+01
  7.7305363E+01  7.3736170E+01
