  0.00000E+00  6.02466E+00  2.21982E-02
  1.00000E+00  6.08084E+00  2.10420E-02
  2.00000E+00  6.13617E+00  2.00596E-02
  3.00000E+00  6.19028E+00  1.95828E-02
  4.00000E+00  6.24323E+00  1.95637E-02
  5.00000E+00  6.29508E+00  1.99784E-02
  6.00000E+00  6.34589E+00  2.07681E-02
  7.00000E+00  6.39570E+00  2.18644E-02
  8.00000E+00  6.44457E+00  2.32005E-02
  9.00000E+00  6.49252E+00  2.47173E-02
  1.00000E+01  6.53961E+00  2.63666E-02
  1.10000E+01  6.58587E+00  2.81101E-02
  1.20000E+01  6.63133E+00  2.99181E-02
  1.30000E+01  6.67602E+00  3.17679E-02
  1.40000E+01  6.71997E+00  3.36419E-02
  1.50000E+01  6.76321E+00  3.55264E-02
  1.60000E+01  6.80577E+00  3.74102E-02
  1.70000E+01  6.84766E+00  3.92842E-02
  1.80000E+01  6.88890E+00  4.11406E-02
  1.90000E+01  6.92952E+00  4.29723E-02
  2.00000E+01  6.96952E+00  4.47726E-02
  2.10000E+01  7.00892E+00  4.65351E-02
  2.20000E+01  7.04772E+00  4.82529E-02
  2.30000E+01  7.08595E+00  4.99188E-02
  2.40000E+01  7.12358E+00  5.15162E-02
  2.50000E+01  7.16063E+00  5.30498E-02
  2.60000E+01  7.19709E+00  5.45127E-02
  2.70000E+01  7.23294E+00  5.58795E-02
  2.80000E+01  7.26816E+00  5.71438E-02
  2.90000E+01  7.30273E+00  5.82918E-02
  3.00000E+01  7.33660E+00  5.93084E-02
  3.10000E+01  7.36972E+00  6.01771E-02
  3.20000E+01  7.40204E+00  6.08810E-02
  3.30000E+01  7.43346E+00  6.14034E-02
  3.40000E+01  7.46388E+00  6.17291E-02
  3.50000E+01  7.49317E+00  6.18471E-02
  3.60000E+01  7.52117E+00  6.17547E-02
  3.70000E+01  7.54769E+00  6.14639E-02
  3.80000E+01  7.57248E+00  6.10114E-02
  3.90000E+01  7.59525E+00  6.04727E-02
  4.00000E+01  7.61564E+00  5.99840E-02
  4.10000E+01  7.63323E+00  5.97684E-02
  4.20000E+01  7.64749E+00  6.01634E-02
  4.30000E+01  7.65779E+00  6.16349E-02
  4.40000E+01  7.66339E+00  6.47518E-02
  4.50000E+01  7.66341E+00  7.01065E-02
  4.60000E+01  7.65680E+00  7.81997E-02
  4.70000E+01  7.64235E+00  8.93478E-02
  4.80000E+01  7.61862E+00  1.03649E-01
  4.90000E+01  7.58406E+00  1.20972E-01
  5.00000E+01  7.53690E+00  1.40914E-01
  5.10000E+01  7.47535E+00  1.62675E-01
  5.20000E+01  7.39772E+00  1.84834E-01
  5.30000E+01  7.30277E+00  2.05028E-01
  5.40000E+01  7.19032E+00  2.19572E-01
  5.50000E+01  7.06217E+00  2.23320E-01
  5.60000E+01  6.92336E+00  2.10510E-01
  5.70000E+01  6.78335E+00  1.78410E-01
  5.80000E+01  6.65604E+00  1.37619E-01
  5.90000E+01  6.55687E+00  1.26602E-01
  6.00000E+01  6.49680E+00  1.62261E-01
  6.10000E+01  6.47616E+00  1.97994E-01
  6.20000E+01  6.48335E+00  2.04465E-01
  6.30000E+01  6.50022E+00  1.85734E-01
  6.40000E+01  6.51025E+00  1.69525E-01
  6.50000E+01  6.50524E+00  1.82858E-01
  6.60000E+01  6.48866E+00  2.13626E-01
  6.70000E+01  6.47577E+00  2.28713E-01
  6.80000E+01  6.48921E+00  2.10747E-01
  6.90000E+01  6.54950E+00  1.75865E-01
  7.00000E+01  6.66469E+00  1.72108E-01
  7.10000E+01  6.82674E+00  2.09171E-01
  7.20000E+01  7.01729E+00  2.46496E-01
  7.30000E+01  7.21700E+00  2.63517E-01
  7.40000E+01  7.41144E+00  2.60704E-01
  7.50000E+01  7.59231E+00  2.44666E-01
  7.60000E+01  7.75599E+00  2.21758E-01
  7.70000E+01  7.90177E+00  1.96659E-01
  7.80000E+01  8.03052E+00  1.72201E-01
  7.90000E+01  8.14381E+00  1.50088E-01
  8.00000E+01  8.24343E+00  1.31323E-01
  8.10000E+01  8.33119E+00  1.16411E-01
  8.20000E+01  8.40873E+00  1.05483E-01
  8.30000E+01  8.47754E+00  9.84089E-02
  8.40000E+01  8.53892E+00  9.46486E-02
  8.50000E+01  8.59399E+00  9.35128E-02
  8.60000E+01  8.64370E+00  9.43782E-02
  8.70000E+01  8.68887E+00  9.63968E-02
  8.80000E+01  8.73020E+00  9.90987E-02
  8.90000E+01  8.76825E+00  1.02226E-01
  9.00000E+01  8.80354E+00  1.05349E-01
  9.10000E+01  8.83647E+00  1.08459E-01
  9.20000E+01  8.86739E+00  1.11445E-01
  9.30000E+01  8.89661E+00  1.14146E-01
  9.40000E+01  8.92436E+00  1.16633E-01
  9.50000E+01  8.95087E+00  1.18893E-01
  9.60000E+01  8.97631E+00  1.20903E-01
  9.70000E+01  9.00082E+00  1.22747E-01
  9.80000E+01  9.02454E+00  1.24397E-01
  9.90000E+01  9.04758E+00  1.25811E-01
  1.00000E+02  9.07001E+00  1.27024E-01
  1.01000E+02  9.09193E+00  1.28118E-01
  1.02000E+02  9.11339E+00  1.29083E-01
  1.03000E+02  9.13445E+00  1.29929E-01
  1.04000E+02  9.15516E+00  1.30701E-01
  1.05000E+02  9.17556E+00  1.31306E-01
  1.06000E+02  9.19567E+00  1.31918E-01
  1.07000E+02  9.21553E+00  1.32419E-01
  1.08000E+02  9.23517E+00  1.32762E-01
  1.09000E+02  9.25459E+00  1.33139E-01
  1.10000E+02  9.27384E+00  1.33474E-01
  1.11000E+02  9.29292E+00  1.33749E-01
  1.12000E+02  9.31183E+00  1.33950E-01
  1.13000E+02  9.33059E+00  1.34207E-01
  1.14000E+02  9.34921E+00  1.34354E-01
  1.15000E+02  9.36770E+00  1.34448E-01
  1.16000E+02  9.38607E+00  1.34598E-01
  1.17000E+02  9.40433E+00  1.34658E-01
  1.18000E+02  9.42247E+00  1.34757E-01
  1.19000E+02  9.44050E+00  1.34789E-01
  1.20000E+02  9.45844E+00  1.34898E-01
  1.21000E+02  9.47627E+00  1.34955E-01
  1.22000E+02  9.49401E+00  1.34940E-01
  1.23000E+02  9.51166E+00  1.34990E-01
  1.24000E+02  9.52922E+00  1.34999E-01
  1.25000E+02  9.54669E+00  1.34985E-01
  1.26000E+02  9.56408E+00  1.34911E-01
  1.27000E+02  9.58138E+00  1.34977E-01
  1.28000E+02  9.59860E+00  1.34981E-01
  1.29000E+02  9.61574E+00  1.34907E-01
  1.30000E+02  9.63280E+00  1.34909E-01
  1.31000E+02  9.64979E+00  1.34847E-01
  1.32000E+02  9.66670E+00  1.34924E-01
  1.33000E+02  9.68353E+00  1.34945E-01
  1.34000E+02  9.70029E+00  1.34858E-01
  1.35000E+02  9.71698E+00  1.34864E-01
  1.36000E+02  9.73360E+00  1.34842E-01
  1.37000E+02  9.75015E+00  1.34806E-01
  1.38000E+02  9.76662E+00  1.34719E-01
  1.39000E+02  9.78303E+00  1.34743E-01
  1.40000E+02  9.79937E+00  1.34712E-01
  1.41000E+02  9.81564E+00  1.34701E-01
  1.42000E+02  9.83185E+00  1.34638E-01
  1.43000E+02  9.84799E+00  1.34674E-01
  1.44000E+02  9.86406E+00  1.34746E-01
  1.45000E+02  9.88007E+00  1.34558E-01
  1.46000E+02  9.89602E+00  1.34577E-01
  1.47000E+02  9.91190E+00  1.34583E-01
  1.48000E+02  9.92772E+00  1.34550E-01
  1.49000E+02  9.94348E+00  1.34521E-01
  1.50000E+02  9.95919E+00  1.34473E-01
