  0.00000E+00  2.78469E-05  2.05155E-07
  1.00000E+00  2.70882E-05  1.85347E-07
  2.00000E+00  2.63294E-05  1.68162E-07
  3.00000E+00  2.56109E-05  1.56418E-07
  4.00000E+00  2.49293E-05  1.49187E-07
  5.00000E+00  2.42818E-05  1.45836E-07
  6.00000E+00  2.36658E-05  1.45526E-07
  7.00000E+00  2.30789E-05  1.47436E-07
  8.00000E+00  2.25189E-05  1.50850E-07
  9.00000E+00  2.19839E-05  1.55193E-07
  1.00000E+01  2.14720E-05  1.60036E-07
  1.10000E+01  2.09817E-05  1.65070E-07
  1.20000E+01  2.05113E-05  1.70085E-07
  1.30000E+01  2.00593E-05  1.74934E-07
  1.40000E+01  1.96245E-05  1.79526E-07
  1.50000E+01  1.92054E-05  1.83801E-07
  1.60000E+01  1.88009E-05  1.87721E-07
  1.70000E+01  1.84095E-05  1.91264E-07
  1.80000E+01  1.80303E-05  1.94420E-07
  1.90000E+01  1.76617E-05  1.97184E-07
  2.00000E+01  1.73027E-05  1.99554E-07
  2.10000E+01  1.69520E-05  2.01528E-07
  2.20000E+01  1.66080E-05  2.03106E-07
  2.30000E+01  1.62694E-05  2.04285E-07
  2.40000E+01  1.59347E-05  2.05023E-07
  2.50000E+01  1.56021E-05  2.05372E-07
  2.60000E+01  1.52697E-05  2.05335E-07
  2.70000E+01  1.49357E-05  2.04836E-07
  2.80000E+01  1.45976E-05  2.03883E-07
  2.90000E+01  1.42530E-05  2.02457E-07
  3.00000E+01  1.38991E-05  2.00537E-07
  3.10000E+01  1.35329E-05  1.98102E-07
  3.20000E+01  1.31507E-05  1.95132E-07
  3.30000E+01  1.27489E-05  1.91616E-07
  3.40000E+01  1.23232E-05  1.87557E-07
  3.50000E+01  1.18687E-05  1.82983E-07
  3.60000E+01  1.13805E-05  1.77969E-07
  3.70000E+01  1.08527E-05  1.72660E-07
  3.80000E+01  1.02794E-05  1.67319E-07
  3.90000E+01  9.65395E-06  1.62382E-07
  4.00000E+01  8.96955E-06  1.58541E-07
  4.10000E+01  8.21915E-06  1.56816E-07
  4.20000E+01  7.39568E-06  1.58587E-07
  4.30000E+01  6.49246E-06  1.65490E-07
  4.40000E+01  5.50363E-06  1.79149E-07
  4.50000E+01  4.42489E-06  2.00886E-07
  4.60000E+01  3.25463E-06  2.31578E-07
  4.70000E+01  2.64982E-06  2.71777E-07
  4.80000E+01 -3.17751E-08  3.21691E-07
  4.90000E+01 -7.41760E-07  3.81647E-07
  5.00000E+01 -2.16510E-06  4.51422E-07
  5.10000E+01 -3.55450E-06  5.30132E-07
  5.20000E+01 -4.81634E-06  6.15213E-07
  5.30000E+01 -5.80625E-06  7.00967E-07
  5.40000E+01 -6.30963E-06  7.76185E-07
  5.50000E+01 -6.02384E-06  8.21590E-07
  5.60000E+01 -4.55927E-06  8.10196E-07
  5.70000E+01 -1.49438E-06  7.20919E-07
  5.80000E+01  3.47419E-06  5.90199E-07
  5.90000E+01  1.03063E-05  5.86428E-07
  6.00000E+01  1.84875E-05  7.71094E-07
  6.10000E+01  2.72182E-05  9.32309E-07
  6.20000E+01  3.58719E-05  9.44866E-07
  6.30000E+01  4.43399E-05  8.43513E-07
  6.40000E+01  5.29865E-05  7.65902E-07
  6.50000E+01  6.23035E-05  8.30822E-07
  6.60000E+01  7.24519E-05  9.77964E-07
  6.70000E+01  8.28138E-05  1.05448E-06
  6.80000E+01  9.18050E-05  9.69180E-07
  6.90000E+01  9.73769E-05  7.76797E-07
  7.00000E+01  9.81750E-05  6.75717E-07
  7.10000E+01  9.43763E-05  7.30357E-07
  7.20000E+01  8.73826E-05  7.86973E-07
  7.30000E+01  7.88627E-05  7.74109E-07
  7.40000E+01  7.00832E-05  7.07409E-07
  7.50000E+01  6.17733E-05  6.16593E-07
  7.60000E+01  5.42605E-05  5.22258E-07
  7.70000E+01  4.76369E-05  4.35457E-07
  7.80000E+01  4.18768E-05  3.60557E-07
  7.90000E+01  3.69040E-05  2.98835E-07
  8.00000E+01  3.26266E-05  2.50196E-07
  8.10000E+01  2.89529E-05  2.13833E-07
  8.20000E+01  2.57989E-05  1.88498E-07
  8.30000E+01  2.30901E-05  1.72638E-07
  8.40000E+01  2.07620E-05  1.64109E-07
  8.50000E+01  1.87592E-05  1.60786E-07
  8.60000E+01  1.70344E-05  1.60970E-07
  8.70000E+01  1.55471E-05  1.62880E-07
  8.80000E+01  1.42632E-05  1.65615E-07
  8.90000E+01  1.31534E-05  1.68721E-07
  9.00000E+01  1.21926E-05  1.71539E-07
  9.10000E+01  1.13598E-05  1.74098E-07
  9.20000E+01  1.06368E-05  1.76271E-07
  9.30000E+01  1.00080E-05  1.77857E-07
  9.40000E+01  9.46019E-06  1.79010E-07
  9.50000E+01  8.98201E-06  1.79743E-07
  9.60000E+01  8.56374E-06  1.80037E-07
  9.70000E+01  8.19703E-06  1.80051E-07
  9.80000E+01  7.87472E-06  1.79758E-07
  9.90000E+01  7.59067E-06  1.79116E-07
  1.00000E+02  7.33962E-06  1.78192E-07
  1.01000E+02  7.11702E-06  1.77105E-07
  1.02000E+02  6.91898E-06  1.75859E-07
  1.03000E+02  6.74217E-06  1.74460E-07
  1.04000E+02  6.58370E-06  1.72987E-07
  1.05000E+02  6.44109E-06  1.71321E-07
  1.06000E+02  6.31222E-06  1.69683E-07
  1.07000E+02  6.19525E-06  1.67937E-07
  1.08000E+02  6.08861E-06  1.66023E-07
  1.09000E+02  5.99095E-06  1.64179E-07
  1.10000E+02  5.90107E-06  1.62317E-07
  1.11000E+02  5.81798E-06  1.60417E-07
  1.12000E+02  5.74083E-06  1.58464E-07
  1.13000E+02  5.66884E-06  1.56605E-07
  1.14000E+02  5.60139E-06  1.54651E-07
  1.15000E+02  5.53791E-06  1.52673E-07
  1.16000E+02  5.47791E-06  1.50791E-07
  1.17000E+02  5.42100E-06  1.48842E-07
  1.18000E+02  5.36680E-06  1.46972E-07
  1.19000E+02  5.31501E-06  1.45059E-07
  1.20000E+02  5.26535E-06  1.43260E-07
  1.21000E+02  5.21761E-06  1.41441E-07
  1.22000E+02  5.17157E-06  1.39577E-07
  1.23000E+02  5.12706E-06  1.37806E-07
  1.24000E+02  5.08393E-06  1.36027E-07
  1.25000E+02  5.04205E-06  1.34258E-07
  1.26000E+02  5.00130E-06  1.32453E-07
  1.27000E+02  4.96159E-06  1.30819E-07
  1.28000E+02  4.92282E-06  1.29152E-07
  1.29000E+02  4.88493E-06  1.27435E-07
  1.30000E+02  4.84784E-06  1.25825E-07
  1.31000E+02  4.81151E-06  1.24180E-07
  1.32000E+02  4.77586E-06  1.22694E-07
  1.33000E+02  4.74087E-06  1.21174E-07
  1.34000E+02  4.70649E-06  1.19581E-07
  1.35000E+02  4.67269E-06  1.18101E-07
  1.36000E+02  4.63944E-06  1.16619E-07
  1.37000E+02  4.60670E-06  1.15150E-07
  1.38000E+02  4.57446E-06  1.13650E-07
  1.39000E+02  4.54269E-06  1.12279E-07
  1.40000E+02  4.51137E-06  1.10882E-07
  1.41000E+02  4.48048E-06  1.09526E-07
  1.42000E+02  4.45002E-06  1.08143E-07
  1.43000E+02  4.41996E-06  1.06869E-07
  1.44000E+02  4.39029E-06  1.05646E-07
  1.45000E+02  4.36099E-06  1.04219E-07
  1.46000E+02  4.33207E-06  1.02991E-07
  1.47000E+02  4.30350E-06  1.01769E-07
  1.48000E+02  4.27528E-06  1.00533E-07
  1.49000E+02  4.24740E-06  9.93187E-08
  1.50000E+02  4.21952E-06  9.80961E-08
