  0.00000E+00  4.42122E+00  6.28500E-03
  1.00000E+00  4.44852E+00  6.26279E-03
  2.00000E+00  4.47532E+00  6.22930E-03
  3.00000E+00  4.50165E+00  6.18336E-03
  4.00000E+00  4.52752E+00  6.12575E-03
  5.00000E+00  4.55297E+00  6.05704E-03
  6.00000E+00  4.57800E+00  5.97793E-03
  7.00000E+00  4.60264E+00  5.88922E-03
  8.00000E+00  4.62691E+00  5.79181E-03
  9.00000E+00  4.65081E+00  5.68670E-03
  1.00000E+01  4.67436E+00  5.57491E-03
  1.10000E+01  4.69758E+00  5.45756E-03
  1.20000E+01  4.72048E+00  5.33585E-03
  1.30000E+01  4.74307E+00  5.21103E-03
  1.40000E+01  4.76537E+00  5.08444E-03
  1.50000E+01  4.78737E+00  4.95753E-03
  1.60000E+01  4.80910E+00  4.83183E-03
  1.70000E+01  4.83056E+00  4.70898E-03
  1.80000E+01  4.85176E+00  4.59073E-03
  1.90000E+01  4.87271E+00  4.47892E-03
  2.00000E+01  4.89341E+00  4.37549E-03
  2.10000E+01  4.91389E+00  4.28243E-03
  2.20000E+01  4.93413E+00  4.20174E-03
  2.30000E+01  4.95416E+00  4.13537E-03
  2.40000E+01  4.97397E+00  4.08515E-03
  2.50000E+01  4.99358E+00  4.05267E-03
  2.60000E+01  5.01298E+00  4.03927E-03
  2.70000E+01  5.03219E+00  4.04584E-03
  2.80000E+01  5.05122E+00  4.07282E-03
  2.90000E+01  5.07006E+00  4.12018E-03
  3.00000E+01  5.08872E+00  4.18736E-03
  3.10000E+01  5.10722E+00  4.27332E-03
  3.20000E+01  5.12555E+00  4.37663E-03
  3.30000E+01  5.14372E+00  4.49549E-03
  3.40000E+01  5.16175E+00  4.62783E-03
  3.50000E+01  5.17963E+00  4.77135E-03
  3.60000E+01  5.19737E+00  4.92362E-03
  3.70000E+01  5.21499E+00  5.08209E-03
  3.80000E+01  5.23248E+00  5.24415E-03
  3.90000E+01  5.24987E+00  5.40715E-03
  4.00000E+01  5.26715E+00  5.56840E-03
  4.10000E+01  5.28435E+00  5.72529E-03
  4.20000E+01  5.30148E+00  5.87527E-03
  4.30000E+01  5.31855E+00  6.01604E-03
  4.40000E+01  5.33558E+00  6.14564E-03
  4.50000E+01  5.35261E+00  6.26280E-03
  4.60000E+01  5.36964E+00  6.36733E-03
  4.70000E+01  5.38672E+00  6.46077E-03
  4.80000E+01  5.40388E+00  6.54734E-03
  4.90000E+01  5.42118E+00  6.63528E-03
  5.00000E+01  5.43866E+00  6.73842E-03
  5.10000E+01  5.45639E+00  6.87783E-03
  5.20000E+01  5.47445E+00  7.08234E-03
  5.30000E+01  5.49294E+00  7.38616E-03
  5.40000E+01  5.51196E+00  7.82044E-03
  5.50000E+01  5.53163E+00  8.39631E-03
  5.60000E+01  5.55206E+00  9.08031E-03
  5.70000E+01  5.57336E+00  9.77010E-03
  5.80000E+01  5.59553E+00  1.02924E-02
  5.90000E+01  5.61851E+00  1.04582E-02
  6.00000E+01  5.64206E+00  1.01842E-02
  6.10000E+01  5.66590E+00  9.59061E-03
  6.20000E+01  5.68977E+00  8.93584E-03
  6.30000E+01  5.71352E+00  8.42763E-03
  6.40000E+01  5.73716E+00  8.12779E-03
  6.50000E+01  5.76079E+00  8.03190E-03
  6.60000E+01  5.78454E+00  8.17040E-03
  6.70000E+01  5.80845E+00  8.57034E-03
  6.80000E+01  5.83243E+00  9.10473E-03
  6.90000E+01  5.85619E+00  9.47162E-03
  7.00000E+01  5.87933E+00  9.42433E-03
  7.10000E+01  5.90149E+00  8.97558E-03
  7.20000E+01  5.92250E+00  8.33429E-03
  7.30000E+01  5.94233E+00  7.71886E-03
  7.40000E+01  5.96107E+00  7.25108E-03
  7.50000E+01  5.97888E+00  6.95533E-03
  7.60000E+01  5.99588E+00  6.79873E-03
  7.70000E+01  6.01221E+00  6.73197E-03
  7.80000E+01  6.02797E+00  6.71220E-03
  7.90000E+01  6.04327E+00  6.70817E-03
  8.00000E+01  6.05817E+00  6.70167E-03
  8.10000E+01  6.07273E+00  6.68223E-03
  8.20000E+01  6.08701E+00  6.64597E-03
  8.30000E+01  6.10103E+00  6.59173E-03
  8.40000E+01  6.11485E+00  6.52077E-03
  8.50000E+01  6.12848E+00  6.43576E-03
  8.60000E+01  6.14194E+00  6.33931E-03
  8.70000E+01  6.15525E+00  6.23439E-03
  8.80000E+01  6.16844E+00  6.12484E-03
  8.90000E+01  6.18150E+00  6.01327E-03
  9.00000E+01  6.19445E+00  5.90301E-03
  9.10000E+01  6.20731E+00  5.79712E-03
  9.20000E+01  6.22007E+00  5.69807E-03
  9.30000E+01  6.23275E+00  5.60866E-03
  9.40000E+01  6.24534E+00  5.53130E-03
  9.50000E+01  6.25786E+00  5.46798E-03
  9.60000E+01  6.27031E+00  5.42060E-03
  9.70000E+01  6.28268E+00  5.39074E-03
  9.80000E+01  6.29500E+00  5.37939E-03
  9.90000E+01  6.30724E+00  5.38748E-03
  1.00000E+02  6.31943E+00  5.41538E-03
  1.01000E+02  6.33156E+00  5.46315E-03
  1.02000E+02  6.34363E+00  5.53048E-03
  1.03000E+02  6.35564E+00  5.61678E-03
  1.04000E+02  6.36760E+00  5.72132E-03
  1.05000E+02  6.37950E+00  5.84302E-03
  1.06000E+02  6.39135E+00  5.98074E-03
  1.07000E+02  6.40315E+00  6.13347E-03
  1.08000E+02  6.41490E+00  6.29966E-03
  1.09000E+02  6.42660E+00  6.47825E-03
  1.10000E+02  6.43826E+00  6.66810E-03
  1.11000E+02  6.44986E+00  6.86802E-03
  1.12000E+02  6.46142E+00  7.07698E-03
  1.13000E+02  6.47293E+00  7.29382E-03
  1.14000E+02  6.48439E+00  7.51814E-03
  1.15000E+02  6.49581E+00  7.74838E-03
  1.16000E+02  6.50718E+00  7.98439E-03
  1.17000E+02  6.51851E+00  8.22518E-03
  1.18000E+02  6.52980E+00  8.47018E-03
  1.19000E+02  6.54104E+00  8.71899E-03
  1.20000E+02  6.55224E+00  8.97081E-03
  1.21000E+02  6.56339E+00  9.22587E-03
  1.22000E+02  6.57451E+00  9.48289E-03
  1.23000E+02  6.58558E+00  9.74222E-03
  1.24000E+02  6.59662E+00  1.00032E-02
  1.25000E+02  6.60761E+00  1.02656E-02
  1.26000E+02  6.61856E+00  1.05291E-02
  1.27000E+02  6.62947E+00  1.07935E-02
  1.28000E+02  6.64035E+00  1.10590E-02
  1.29000E+02  6.65118E+00  1.13248E-02
  1.30000E+02  6.66198E+00  1.15911E-02
  1.31000E+02  6.67274E+00  1.18577E-02
  1.32000E+02  6.68346E+00  1.21243E-02
  1.33000E+02  6.69414E+00  1.23914E-02
  1.34000E+02  6.70479E+00  1.26582E-02
  1.35000E+02  6.71540E+00  1.29249E-02
  1.36000E+02  6.72597E+00  1.31914E-02
  1.37000E+02  6.73651E+00  1.34576E-02
  1.38000E+02  6.74701E+00  1.37234E-02
  1.39000E+02  6.75747E+00  1.39885E-02
  1.40000E+02  6.76790E+00  1.42536E-02
  1.41000E+02  6.77830E+00  1.45178E-02
  1.42000E+02  6.78866E+00  1.47818E-02
  1.43000E+02  6.79899E+00  1.50446E-02
  1.44000E+02  6.80929E+00  1.53076E-02
  1.45000E+02  6.81955E+00  1.55695E-02
  1.46000E+02  6.82978E+00  1.58305E-02
  1.47000E+02  6.83997E+00  1.60911E-02
  1.48000E+02  6.85013E+00  1.63507E-02
  1.49000E+02  6.86026E+00  1.66098E-02
  1.50000E+02  6.87036E+00  1.68679E-02
