  0.00000E+00  1.60408E+02  1.22247E+00
  1.00000E+00  1.64425E+02  1.19364E+00
  2.00000E+00  1.68442E+02  1.17646E+00
  3.00000E+00  1.72437E+02  1.18605E+00
  4.00000E+00  1.76410E+02  1.21861E+00
  5.00000E+00  1.80363E+02  1.27286E+00
  6.00000E+00  1.84296E+02  1.34583E+00
  7.00000E+00  1.88211E+02  1.43439E+00
  8.00000E+00  1.92107E+02  1.53557E+00
  9.00000E+00  1.95986E+02  1.64682E+00
  1.00000E+01  1.99848E+02  1.76602E+00
  1.10000E+01  2.03694E+02  1.89144E+00
  1.20000E+01  2.07524E+02  2.02171E+00
  1.30000E+01  2.11339E+02  2.15572E+00
  1.40000E+01  2.15139E+02  2.29259E+00
  1.50000E+01  2.18925E+02  2.43156E+00
  1.60000E+01  2.22696E+02  2.57202E+00
  1.70000E+01  2.26453E+02  2.71338E+00
  1.80000E+01  2.30197E+02  2.85515E+00
  1.90000E+01  2.33927E+02  2.99683E+00
  2.00000E+01  2.37642E+02  3.13793E+00
  2.10000E+01  2.41344E+02  3.27795E+00
  2.20000E+01  2.45031E+02  3.41634E+00
  2.30000E+01  2.48702E+02  3.55253E+00
  2.40000E+01  2.52358E+02  3.68523E+00
  2.50000E+01  2.55996E+02  3.81466E+00
  2.60000E+01  2.59616E+02  3.94019E+00
  2.70000E+01  2.63215E+02  4.05986E+00
  2.80000E+01  2.66792E+02  4.17303E+00
  2.90000E+01  2.70342E+02  4.27850E+00
  3.00000E+01  2.73862E+02  4.37494E+00
  3.10000E+01  2.77346E+02  4.46091E+00
  3.20000E+01  2.80790E+02  4.53488E+00
  3.30000E+01  2.84185E+02  4.59535E+00
  3.40000E+01  2.87522E+02  4.64089E+00
  3.50000E+01  2.90789E+02  4.67045E+00
  3.60000E+01  2.93973E+02  4.68362E+00
  3.70000E+01  2.97056E+02  4.68128E+00
  3.80000E+01  3.00016E+02  4.66639E+00
  3.90000E+01  3.02829E+02  4.64535E+00
  4.00000E+01  3.05463E+02  4.62978E+00
  4.10000E+01  3.07881E+02  4.63883E+00
  4.20000E+01  3.10037E+02  4.70134E+00
  4.30000E+01  3.11877E+02  4.85654E+00
  4.40000E+01  3.13338E+02  5.15114E+00
  4.50000E+01  3.14342E+02  5.63181E+00
  4.60000E+01  3.14801E+02  6.33550E+00
  4.70000E+01  3.14613E+02  7.28249E+00
  4.80000E+01  3.13660E+02  8.47415E+00
  4.90000E+01  3.11815E+02  9.89140E+00
  5.00000E+01  3.08941E+02  1.14908E+01
  5.10000E+01  3.04904E+02  1.31939E+01
  5.20000E+01  2.99590E+02  1.48703E+01
  5.30000E+01  2.92933E+02  1.63166E+01
  5.40000E+01  2.84963E+02  1.72359E+01
  5.50000E+01  2.75878E+02  1.72430E+01
  5.60000E+01  2.66122E+02  1.59502E+01
  5.70000E+01  2.56451E+02  1.32544E+01
  5.80000E+01  2.47896E+02  1.00896E+01
  5.90000E+01  2.41538E+02  9.36640E+00
  6.00000E+01  2.38091E+02  1.20586E+01
  6.10000E+01  2.37521E+02  1.46958E+01
  6.20000E+01  2.38970E+02  1.52090E+01
  6.30000E+01  2.41114E+02  1.38694E+01
  6.40000E+01  2.42730E+02  1.26787E+01
  6.50000E+01  2.43192E+02  1.36419E+01
  6.60000E+01  2.42748E+02  1.58806E+01
  6.70000E+01  2.42548E+02  1.69643E+01
  6.80000E+01  2.44320E+02  1.56756E+01
  6.90000E+01  2.49708E+02  1.32802E+01
  7.00000E+01  2.59510E+02  1.34120E+01
  7.10000E+01  2.73363E+02  1.68259E+01
  7.20000E+01  2.90030E+02  2.04454E+01
  7.30000E+01  3.08034E+02  2.25430E+01
  7.40000E+01  3.26139E+02  2.29710E+01
  7.50000E+01  3.43524E+02  2.21484E+01
  7.60000E+01  3.59741E+02  2.05646E+01
  7.70000E+01  3.74604E+02  1.86301E+01
  7.80000E+01  3.88089E+02  1.66253E+01
  7.90000E+01  4.00262E+02  1.47412E+01
  8.00000E+01  4.11236E+02  1.31062E+01
  8.10000E+01  4.21135E+02  1.17978E+01
  8.20000E+01  4.30091E+02  1.08512E+01
  8.30000E+01  4.38223E+02  1.02692E+01
  8.40000E+01  4.45644E+02  1.00064E+01
  8.50000E+01  4.52453E+02  9.99865E+00
  8.60000E+01  4.58738E+02  1.01870E+01
  8.70000E+01  4.64574E+02  1.04862E+01
  8.80000E+01  4.70027E+02  1.08502E+01
  8.90000E+01  4.75153E+02  1.12545E+01
  9.00000E+01  4.80002E+02  1.16543E+01
  9.10000E+01  4.84613E+02  1.20498E+01
  9.20000E+01  4.89023E+02  1.24301E+01
  9.30000E+01  4.93261E+02  1.27775E+01
  9.40000E+01  4.97353E+02  1.31001E+01
  9.50000E+01  5.01319E+02  1.33969E+01
  9.60000E+01  5.05180E+02  1.36650E+01
  9.70000E+01  5.08949E+02  1.39140E+01
  9.80000E+01  5.12641E+02  1.41407E+01
  9.90000E+01  5.16266E+02  1.43402E+01
  1.00000E+02  5.19834E+02  1.45167E+01
  1.01000E+02  5.23354E+02  1.46790E+01
  1.02000E+02  5.26831E+02  1.48264E+01
  1.03000E+02  5.30273E+02  1.49598E+01
  1.04000E+02  5.33684E+02  1.50844E+01
  1.05000E+02  5.37067E+02  1.51894E+01
  1.06000E+02  5.40428E+02  1.52949E+01
  1.07000E+02  5.43768E+02  1.53872E+01
  1.08000E+02  5.47091E+02  1.54607E+01
  1.09000E+02  5.50397E+02  1.55380E+01
  1.10000E+02  5.53691E+02  1.56100E+01
  1.11000E+02  5.56975E+02  1.56748E+01
  1.12000E+02  5.60246E+02  1.57306E+01
  1.13000E+02  5.63509E+02  1.57928E+01
  1.14000E+02  5.66763E+02  1.58415E+01
  1.15000E+02  5.70009E+02  1.58835E+01
  1.16000E+02  5.73249E+02  1.59322E+01
  1.17000E+02  5.76483E+02  1.59697E+01
  1.18000E+02  5.79712E+02  1.60119E+01
  1.19000E+02  5.82936E+02  1.60455E+01
  1.20000E+02  5.86155E+02  1.60884E+01
  1.21000E+02  5.89370E+02  1.61248E+01
  1.22000E+02  5.92580E+02  1.61520E+01
  1.23000E+02  5.95788E+02  1.61869E+01
  1.24000E+02  5.98991E+02  1.62166E+01
  1.25000E+02  6.02192E+02  1.62433E+01
  1.26000E+02  6.05389E+02  1.62621E+01
  1.27000E+02  6.08584E+02  1.62984E+01
  1.28000E+02  6.11775E+02  1.63267E+01
  1.29000E+02  6.14964E+02  1.63448E+01
  1.30000E+02  6.18151E+02  1.63725E+01
  1.31000E+02  6.21335E+02  1.63918E+01
  1.32000E+02  6.24516E+02  1.64288E+01
  1.33000E+02  6.27695E+02  1.64582E+01
  1.34000E+02  6.30872E+02  1.64737E+01
  1.35000E+02  6.34046E+02  1.65010E+01
  1.36000E+02  6.37219E+02  1.65244E+01
  1.37000E+02  6.40389E+02  1.65459E+01
  1.38000E+02  6.43557E+02  1.65603E+01
  1.39000E+02  6.46723E+02  1.65893E+01
  1.40000E+02  6.49887E+02  1.66107E+01
  1.41000E+02  6.53049E+02  1.66349E+01
  1.42000E+02  6.56209E+02  1.66517E+01
  1.43000E+02  6.59367E+02  1.66817E+01
  1.44000E+02  6.62523E+02  1.67163E+01
  1.45000E+02  6.65677E+02  1.67159E+01
  1.46000E+02  6.68830E+02  1.67432E+01
  1.47000E+02  6.71980E+02  1.67685E+01
  1.48000E+02  6.75129E+02  1.67884E+01
  1.49000E+02  6.78276E+02  1.68086E+01
  1.50000E+02  6.81422E+02  1.68261E+01
