  0.00000E+00  7.71533E+01  1.09678E-01
  1.00000E+00  7.66798E+01  1.07953E-01
  2.00000E+00  7.62206E+01  1.06093E-01
  3.00000E+00  7.57748E+01  1.04082E-01
  4.00000E+00  7.53417E+01  1.01938E-01
  5.00000E+00  7.49206E+01  9.96706E-02
  6.00000E+00  7.45109E+01  9.72958E-02
  7.00000E+00  7.41120E+01  9.48285E-02
  8.00000E+00  7.37234E+01  9.22845E-02
  9.00000E+00  7.33445E+01  8.96807E-02
  1.00000E+01  7.29749E+01  8.70340E-02
  1.10000E+01  7.26142E+01  8.43618E-02
  1.20000E+01  7.22619E+01  8.16821E-02
  1.30000E+01  7.19178E+01  7.90132E-02
  1.40000E+01  7.15813E+01  7.63742E-02
  1.50000E+01  7.12523E+01  7.37849E-02
  1.60000E+01  7.09304E+01  7.12657E-02
  1.70000E+01  7.06153E+01  6.88380E-02
  1.80000E+01  7.03067E+01  6.65242E-02
  1.90000E+01  7.00045E+01  6.43471E-02
  2.00000E+01  6.97082E+01  6.23303E-02
  2.10000E+01  6.94178E+01  6.04973E-02
  2.20000E+01  6.91330E+01  5.88713E-02
  2.30000E+01  6.88535E+01  5.74739E-02
  2.40000E+01  6.85793E+01  5.63245E-02
  2.50000E+01  6.83100E+01  5.54389E-02
  2.60000E+01  6.80456E+01  5.48285E-02
  2.70000E+01  6.77858E+01  5.44992E-02
  2.80000E+01  6.75305E+01  5.44502E-02
  2.90000E+01  6.72796E+01  5.46747E-02
  3.00000E+01  6.70328E+01  5.51592E-02
  3.10000E+01  6.67900E+01  5.58847E-02
  3.20000E+01  6.65511E+01  5.68271E-02
  3.30000E+01  6.63160E+01  5.79586E-02
  3.40000E+01  6.60844E+01  5.92488E-02
  3.50000E+01  6.58563E+01  6.06652E-02
  3.60000E+01  6.56315E+01  6.21746E-02
  3.70000E+01  6.54098E+01  6.37430E-02
  3.80000E+01  6.51911E+01  6.53365E-02
  3.90000E+01  6.49752E+01  6.69218E-02
  4.00000E+01  6.47620E+01  6.84660E-02
  4.10000E+01  6.45512E+01  6.99375E-02
  4.20000E+01  6.43427E+01  7.13067E-02
  4.30000E+01  6.41361E+01  7.25471E-02
  4.40000E+01  6.39314E+01  7.36375E-02
  4.50000E+01  6.37281E+01  7.45649E-02
  4.60000E+01  6.35259E+01  7.53291E-02
  4.70000E+01  6.33245E+01  7.59506E-02
  4.80000E+01  6.31233E+01  7.64802E-02
  4.90000E+01  6.29220E+01  7.70137E-02
  5.00000E+01  6.27198E+01  7.77089E-02
  5.10000E+01  6.25159E+01  7.88019E-02
  5.20000E+01  6.23097E+01  8.06105E-02
  5.30000E+01  6.21000E+01  8.35037E-02
  5.40000E+01  6.18857E+01  8.78043E-02
  5.50000E+01  6.16656E+01  9.36006E-02
  5.60000E+01  6.14386E+01  1.00482E-01
  5.70000E+01  6.12039E+01  1.07290E-01
  5.80000E+01  6.09613E+01  1.12132E-01
  5.90000E+01  6.07121E+01  1.13009E-01
  6.00000E+01  6.04586E+01  1.09131E-01
  6.10000E+01  6.02042E+01  1.01907E-01
  6.20000E+01  5.99517E+01  9.41547E-02
  6.30000E+01  5.97025E+01  8.80631E-02
  6.40000E+01  5.94565E+01  8.42315E-02
  6.50000E+01  5.92126E+01  8.25563E-02
  6.60000E+01  5.89695E+01  8.32918E-02
  6.70000E+01  5.87267E+01  8.66510E-02
  6.80000E+01  5.84852E+01  9.12985E-02
  6.90000E+01  5.82480E+01  9.42084E-02
  7.00000E+01  5.80187E+01  9.30017E-02
  7.10000E+01  5.78008E+01  8.79092E-02
  7.20000E+01  5.75958E+01  8.10503E-02
  7.30000E+01  5.74036E+01  7.45652E-02
  7.40000E+01  5.72231E+01  6.96065E-02
  7.50000E+01  5.70527E+01  6.63704E-02
  7.60000E+01  5.68910E+01  6.45087E-02
  7.70000E+01  5.67364E+01  6.35288E-02
  7.80000E+01  5.65880E+01  6.30113E-02
  7.90000E+01  5.64448E+01  6.26551E-02
  8.00000E+01  5.63060E+01  6.22869E-02
  8.10000E+01  5.61710E+01  6.18087E-02
  8.20000E+01  5.60392E+01  6.11853E-02
  8.30000E+01  5.59104E+01  6.04071E-02
  8.40000E+01  5.57841E+01  5.94872E-02
  8.50000E+01  5.56600E+01  5.84508E-02
  8.60000E+01  5.55380E+01  5.73228E-02
  8.70000E+01  5.54179E+01  5.61304E-02
  8.80000E+01  5.52995E+01  5.49086E-02
  8.90000E+01  5.51826E+01  5.36808E-02
  9.00000E+01  5.50672E+01  5.24763E-02
  9.10000E+01  5.49532E+01  5.13217E-02
  9.20000E+01  5.48404E+01  5.02381E-02
  9.30000E+01  5.47289E+01  4.92489E-02
  9.40000E+01  5.46185E+01  4.83739E-02
  9.50000E+01  5.45092E+01  4.76290E-02
  9.60000E+01  5.44010E+01  4.70290E-02
  9.70000E+01  5.42939E+01  4.65858E-02
  9.80000E+01  5.41877E+01  4.63061E-02
  9.90000E+01  5.40825E+01  4.61958E-02
  1.00000E+02  5.39782E+01  4.62561E-02
  1.01000E+02  5.38748E+01  4.64856E-02
  1.02000E+02  5.37723E+01  4.68795E-02
  1.03000E+02  5.36706E+01  4.74313E-02
  1.04000E+02  5.35699E+01  4.81328E-02
  1.05000E+02  5.34699E+01  4.89733E-02
  1.06000E+02  5.33707E+01  4.99419E-02
  1.07000E+02  5.32724E+01  5.10287E-02
  1.08000E+02  5.31748E+01  5.22195E-02
  1.09000E+02  5.30780E+01  5.35045E-02
  1.10000E+02  5.29819E+01  5.48734E-02
  1.11000E+02  5.28866E+01  5.63153E-02
  1.12000E+02  5.27920E+01  5.78214E-02
  1.13000E+02  5.26981E+01  5.93813E-02
  1.14000E+02  5.26050E+01  6.09913E-02
  1.15000E+02  5.25125E+01  6.26384E-02
  1.16000E+02  5.24207E+01  6.43209E-02
  1.17000E+02  5.23296E+01  6.60305E-02
  1.18000E+02  5.22392E+01  6.77625E-02
  1.19000E+02  5.21494E+01  6.95135E-02
  1.20000E+02  5.20603E+01  7.12769E-02
  1.21000E+02  5.19718E+01  7.30544E-02
  1.22000E+02  5.18839E+01  7.48359E-02
  1.23000E+02  5.17967E+01  7.66241E-02
  1.24000E+02  5.17100E+01  7.84135E-02
  1.25000E+02  5.16240E+01  8.02035E-02
  1.26000E+02  5.15386E+01  8.19900E-02
  1.27000E+02  5.14537E+01  8.37723E-02
  1.28000E+02  5.13695E+01  8.55522E-02
  1.29000E+02  5.12858E+01  8.73231E-02
  1.30000E+02  5.12027E+01  8.90872E-02
  1.31000E+02  5.11201E+01  9.08423E-02
  1.32000E+02  5.10381E+01  9.25868E-02
  1.33000E+02  5.09567E+01  9.43253E-02
  1.34000E+02  5.08758E+01  9.60500E-02
  1.35000E+02  5.07954E+01  9.77642E-02
  1.36000E+02  5.07155E+01  9.94665E-02
  1.37000E+02  5.06362E+01  1.01156E-01
  1.38000E+02  5.05574E+01  1.02833E-01
  1.39000E+02  5.04791E+01  1.04496E-01
  1.40000E+02  5.04013E+01  1.06148E-01
  1.41000E+02  5.03240E+01  1.07784E-01
  1.42000E+02  5.02472E+01  1.09409E-01
  1.43000E+02  5.01708E+01  1.11016E-01
  1.44000E+02  5.00950E+01  1.12616E-01
  1.45000E+02  5.00196E+01  1.14198E-01
  1.46000E+02  4.99447E+01  1.15765E-01
  1.47000E+02  4.98703E+01  1.17320E-01
  1.48000E+02  4.97963E+01  1.18860E-01
  1.49000E+02  4.97228E+01  1.20387E-01
  1.50000E+02  4.96497E+01  1.21898E-01
  
  
