# T (K)	R(Fsqr)	a (A)	unc a	c (A)	unc c	V	    unc V	Ox	    unc Ox	Oy	    unc Oy	Oz	    unc Oz	UO	    unc UO	Six	    unc Six	USi	    unc USi	Si-O-Si	unc SOS	<Si—O>	tilt
T_K	    R	    a	    unc_a	c	    unc_c	V	    unc_V	Ox	    unc_Ox	Oy	    unc_Oy	Oz	    unc_Oz	UO	    unc_UO	Six	    unc_Six	USi	    unc_USi	Si-O-Si	unc_SOS	<Si—O>	tilt
298.0	0.02	4.91341	0.00005	5.40505	0.00007	113.005	0.002	0.4125	0.0002	0.2648	0.0002	0.7874	0.0002	0.53	0.05	0.4719	0.0002	0.88	0.03	143.88	0.06	1.61	15.81
298.0	0.01	4.91339	0.00005	5.40498	0.00007	113.002	0.002	0.4125	0.0002	0.2649	0.0002	0.7874	0.0002	0.53	0.05	0.4719	0.0002	0.87	0.03	143.88	0.06	1.61	15.80
334.0	0.01	4.91576	0.00005	5.40641	0.00007	113.141	0.002	0.4128	0.0002	0.2641	0.0002	0.7878	0.0002	0.62	0.05	0.4723	0.0002	0.88	0.03	144.12	0.06	1.61	15.65
337.0	0.02	4.91596	0.00005	5.40649	0.00007	113.152	0.002	0.4128	0.0002	0.2640	0.0002	0.7881	0.0002	0.63	0.05	0.4723	0.0002	0.89	0.03	144.17	0.06	1.61	15.56
324.0	0.01	4.91506	0.00005	5.40592	0.00007	113.099	0.002	0.4128	0.0002	0.2644	0.0002	0.7877	0.0002	0.64	0.05	0.4721	0.0002	0.86	0.03	144.07	0.06	1.61	15.67
322.0	0.02	4.91490	0.00005	5.40582	0.00007	113.089	0.002	0.4127	0.0002	0.2643	0.0002	0.7877	0.0002	0.62	0.05	0.4721	0.0002	0.85	0.03	144.06	0.06	1.61	15.68
323.0	0.01	4.91494	0.00005	5.40585	0.00007	113.092	0.002	0.4126	0.0002	0.2644	0.0002	0.7877	0.0002	0.63	0.05	0.4721	0.0002	0.92	0.03	144.02	0.06	1.61	15.69
323.0	0.01	4.91493	0.00005	5.40581	0.00007	113.090	0.002	0.4126	0.0002	0.2642	0.0002	0.7877	0.0002	0.60	0.05	0.4720	0.0002	0.87	0.03	144.05	0.06	1.61	15.68
329.0	0.01	4.91531	0.00005	5.40604	0.00007	113.113	0.002	0.4127	0.0002	0.2642	0.0002	0.7879	0.0002	0.64	0.05	0.4721	0.0002	0.88	0.03	144.12	0.06	1.61	15.63
345.0	0.01	4.91637	0.00005	5.40666	0.00007	113.174	0.002	0.4128	0.0002	0.2638	0.0002	0.7881	0.0002	0.69	0.05	0.4724	0.0002	0.93	0.03	144.22	0.06	1.61	15.56
362.0	0.01	4.91755	0.00005	5.40738	0.00007	113.244	0.002	0.4129	0.0002	0.2634	0.0002	0.7884	0.0002	0.73	0.05	0.4726	0.0002	0.95	0.03	144.34	0.06	1.61	15.45
378.0	0.01	4.91866	0.00005	5.40802	0.00007	113.308	0.002	0.4129	0.0002	0.2630	0.0002	0.7887	0.0002	0.76	0.05	0.4728	0.0002	0.99	0.03	144.43	0.06	1.61	15.36
394.0	0.02	4.91979	0.00005	5.40870	0.00007	113.375	0.002	0.4131	0.0002	0.2627	0.0002	0.7890	0.0002	0.83	0.05	0.4730	0.0002	0.96	0.03	144.59	0.06	1.61	15.23
410.0	0.02	4.92091	0.00005	5.40934	0.00007	113.440	0.002	0.4132	0.0002	0.2623	0.0002	0.7894	0.0002	0.83	0.05	0.4732	0.0002	0.95	0.03	144.70	0.06	1.61	15.12
426.0	0.02	4.92211	0.00005	5.41008	0.00007	113.510	0.002	0.4132	0.0002	0.2619	0.0002	0.7896	0.0002	0.88	0.05	0.4734	0.0002	0.97	0.03	144.79	0.07	1.60	15.05
441.0	0.02	4.92323	0.00005	5.41072	0.00007	113.576	0.002	0.4134	0.0002	0.2615	0.0002	0.7900	0.0002	0.93	0.05	0.4736	0.0002	0.99	0.03	144.95	0.07	1.60	14.91
457.0	0.02	4.92451	0.00005	5.41149	0.00007	113.651	0.002	0.4134	0.0002	0.2611	0.0002	0.7902	0.0002	0.97	0.05	0.4739	0.0002	1.03	0.03	145.04	0.07	1.60	14.83
473.0	0.02	4.92577	0.00005	5.41227	0.00007	113.725	0.002	0.4135	0.0002	0.2605	0.0002	0.7906	0.0002	1.02	0.05	0.4743	0.0002	1.05	0.03	145.19	0.07	1.60	14.71
489.0	0.02	4.92705	0.00005	5.41302	0.00007	113.800	0.002	0.4135	0.0002	0.2599	0.0002	0.7910	0.0002	1.09	0.05	0.4745	0.0002	1.10	0.03	145.32	0.07	1.60	14.57
504.0	0.02	4.92827	0.00005	5.41371	0.00007	113.871	0.002	0.4137	0.0002	0.2597	0.0002	0.7915	0.0002	1.16	0.05	0.4748	0.0002	1.07	0.03	145.47	0.07	1.60	14.40
520.0	0.02	4.92956	0.00005	5.41451	0.00007	113.948	0.002	0.4137	0.0002	0.2593	0.0002	0.7918	0.0002	1.19	0.05	0.4750	0.0002	1.14	0.03	145.56	0.07	1.60	14.29
535.0	0.02	4.93093	0.00005	5.41533	0.00007	114.028	0.002	0.4138	0.0002	0.2590	0.0002	0.7922	0.0002	1.20	0.05	0.4752	0.0002	1.14	0.03	145.67	0.07	1.60	14.16
551.0	0.02	4.93247	0.00005	5.41631	0.00008	114.120	0.002	0.4140	0.0002	0.2585	0.0002	0.7926	0.0002	1.29	0.05	0.4755	0.0002	1.14	0.03	145.88	0.07	1.60	14.00
566.0	0.02	4.93391	0.00005	5.41718	0.00008	114.205	0.002	0.4141	0.0002	0.2580	0.0002	0.7930	0.0002	1.34	0.05	0.4759	0.0002	1.19	0.03	146.01	0.07	1.60	13.88
582.0	0.02	4.93545	0.00005	5.41820	0.00008	114.298	0.002	0.4143	0.0002	0.2577	0.0002	0.7935	0.0002	1.37	0.05	0.4762	0.0002	1.19	0.03	146.15	0.07	1.60	13.72
597.0	0.02	4.93706	0.00005	5.41919	0.00008	114.394	0.002	0.4143	0.0002	0.2574	0.0003	0.7940	0.0002	1.47	0.05	0.4764	0.0002	1.23	0.03	146.29	0.07	1.60	13.54
612.0	0.02	4.93865	0.00005	5.42019	0.00008	114.488	0.002	0.4141	0.0002	0.2568	0.0003	0.7944	0.0002	1.55	0.05	0.4769	0.0002	1.34	0.03	146.35	0.07	1.60	13.40
628.0	0.02	4.94035	0.00006	5.42127	0.00008	114.590	0.003	0.4145	0.0002	0.2563	0.0003	0.7951	0.0002	1.61	0.06	0.4772	0.0002	1.26	0.03	146.62	0.08	1.60	13.15
644.0	0.02	4.94205	0.00006	5.42238	0.00008	114.692	0.003	0.4146	0.0002	0.2559	0.0003	0.7957	0.0003	1.65	0.06	0.4777	0.0002	1.27	0.03	146.78	0.08	1.60	12.96
660.0	0.02	4.94402	0.00006	5.42360	0.00009	114.810	0.003	0.4147	0.0002	0.2551	0.0003	0.7964	0.0003	1.75	0.06	0.4781	0.0003	1.31	0.03	147.00	0.08	1.60	12.71
676.0	0.03	4.94586	0.00006	5.42476	0.00009	114.920	0.003	0.4149	0.0002	0.2546	0.0003	0.7971	0.0003	1.80	0.06	0.4785	0.0003	1.32	0.03	147.20	0.08	1.60	12.48
691.0	0.02	4.94789	0.00006	5.42609	0.00009	115.042	0.003	0.4151	0.0002	0.2541	0.0003	0.7978	0.0003	1.93	0.06	0.4791	0.0003	1.34	0.03	147.40	0.08	1.60	12.25
706.0	0.03	4.94971	0.00006	5.42724	0.00009	115.151	0.003	0.4153	0.0002	0.2537	0.0003	0.7985	0.0003	2.01	0.06	0.4794	0.0003	1.32	0.03	147.61	0.09	1.60	11.99
722.0	0.03	4.95206	0.00007	5.42880	0.00010	115.294	0.003	0.4156	0.0002	0.2528	0.0003	0.7994	0.0003	2.12	0.06	0.4801	0.0003	1.35	0.03	147.92	0.09	1.60	11.69
737.0	0.03	4.95429	0.00007	5.43020	0.00010	115.427	0.003	0.4159	0.0002	0.2522	0.0003	0.8002	0.0003	2.20	0.07	0.4807	0.0003	1.38	0.03	148.17	0.09	1.60	11.40
752.0	0.03	4.95657	0.00007	5.43170	0.00010	115.565	0.003	0.4160	0.0002	0.2513	0.0004	0.8011	0.0003	2.32	0.07	0.4813	0.0003	1.43	0.03	148.42	0.09	1.60	11.08
768.0	0.02	4.95948	0.00007	5.43350	0.00010	115.739	0.003	0.4161	0.0002	0.2505	0.0004	0.8019	0.0003	2.42	0.07	0.4824	0.0003	1.49	0.03	148.62	0.09	1.60	10.81
784.0	0.03	4.96212	0.00007	5.43520	0.00010	115.899	0.003	0.4164	0.0002	0.2496	0.0004	0.8032	0.0003	2.50	0.07	0.4830	0.0003	1.47	0.03	148.96	0.09	1.60	10.38
798.0	0.03	4.96535	0.00007	5.43720	0.00010	116.094	0.003	0.4166	0.0002	0.2481	0.0004	0.8047	0.0004	2.62	0.07	0.4841	0.0003	1.49	0.03	149.40	0.10	1.60	9.88
813.0	0.03	4.96884	0.00007	5.43950	0.00010	116.305	0.003	0.4169	0.0002	0.2468	0.0004	0.8062	0.0004	2.82	0.07	0.4853	0.0003	1.54	0.03	149.80	0.10	1.59	9.33
829.0	0.03	4.97373	0.00007	5.44270	0.00010	116.602	0.003	0.4171	0.0002	0.2445	0.0004	0.8088	0.0004	2.94	0.07	0.4878	0.0004	1.63	0.04	150.30	0.10	1.59	8.46
844.0	0.03	4.97851	0.00008	5.44580	0.00010	116.894	0.004	0.4177	0.0002	0.2419	0.0005	0.8117	0.0005	3.15	0.07	0.4903	0.0004	1.62	0.04	151.00	0.10	1.59	7.44
860.0	0.06	4.99380	0.00010	5.45500	0.00020	117.813	0.006	0.4184	0.0004	0.2092	0.0002	0.8333	0.0000	4.20	0.01	0.5000	0.0000	1.68	0.06	154.30	0.10	1.58	0.00
875.0	0.06	4.99570	0.00010	5.45630	0.00020	117.927	0.005	0.4187	0.0004	0.2093	0.0002	0.8333	0.0000	4.20	0.01	0.5000	0.0000	1.71	0.05	154.40	0.10	1.58	0.00
890.0	0.06	4.99620	0.00010	5.45660	0.00020	117.960	0.005	0.4186	0.0004	0.2093	0.0002	0.8333	0.0000	4.19	0.09	0.5000	0.0000	1.83	0.05	154.30	0.10	1.58	0.00
906.0	0.06	4.99640	0.00010	5.45650	0.00020	117.967	0.005	0.4188	0.0004	0.2094	0.0002	0.8333	0.0000	4.14	0.09	0.5000	0.0000	1.81	0.05	154.40	0.10	1.58	0.00
921.0	0.06	4.99660	0.00010	5.45640	0.00020	117.972	0.005	0.4188	0.0004	0.2094	0.0002	0.8333	0.0000	4.14	0.09	0.5000	0.0000	1.81	0.05	154.40	0.10	1.58	0.00
937.0	0.06	4.99660	0.00010	5.45620	0.00020	117.970	0.005	0.4188	0.0004	0.2094	0.0002	0.8333	0.0000	4.10	0.09	0.5000	0.0000	1.85	0.05	154.40	0.10	1.58	0.00
953.0	0.06	4.99660	0.00010	5.45610	0.00020	117.968	0.005	0.4188	0.0004	0.2094	0.0002	0.8333	0.0000	4.08	0.09	0.5000	0.0000	1.83	0.05	154.40	0.10	1.58	0.00
974.0	0.06	4.99660	0.00010	5.45560	0.00020	117.956	0.005	0.4188	0.0004	0.2094	0.0002	0.8333	0.0000	4.12	0.09	0.5000	0.0000	1.88	0.05	154.40	0.10	1.58	0.00
987.0	0.06	4.99660	0.00010	5.45520	0.00020	117.947	0.005	0.4191	0.0004	0.2096	0.0002	0.8333	0.0000	4.15	0.09	0.5000	0.0000	1.86	0.05	154.50	0.10	1.58	0.00
999.0	0.07	4.99660	0.00010	5.45510	0.00020	117.947	0.005	0.4192	0.0004	0.2096	0.0002	0.8333	0.0000	4.13	0.09	0.5000	0.0000	1.84	0.05	154.50	0.10	1.58	0.00
1015.0	0.07	4.99670	0.00010	5.45490	0.00020	117.945	0.005	0.4194	0.0004	0.2097	0.0002	0.8333	0.0000	4.09	0.09	0.5000	0.0000	1.80	0.05	154.60	0.10	1.58	0.00
1030.0	0.07	4.99660	0.00010	5.45470	0.00020	117.936	0.005	0.4194	0.0004	0.2097	0.0002	0.8333	0.0000	4.11	0.09	0.5000	0.0000	1.82	0.05	154.60	0.10	1.58	0.00
1046.0	0.07	4.99660	0.00010	5.45450	0.00020	117.931	0.005	0.4191	0.0004	0.2096	0.0002	0.8333	0.0000	4.13	0.09	0.5000	0.0000	1.82	0.05	154.50	0.10	1.58	0.00
1061.0	0.08	4.99650	0.00010	5.45440	0.00020	117.923	0.005	0.4193	0.0004	0.2097	0.0002	0.8333	0.0000	4.08	0.09	0.5000	0.0000	1.80	0.05	154.50	0.10	1.58	0.00
1076.0	0.07	4.99640	0.00010	5.45390	0.00020	117.912	0.005	0.4194	0.0004	0.2097	0.0002	0.8333	0.0000	4.10	0.10	0.5000	0.0000	1.78	0.05	154.60	0.10	1.58	0.00
1092.0	0.08	4.99650	0.00010	5.45380	0.00020	117.910	0.005	0.4195	0.0004	0.2097	0.0002	0.8333	0.0000	4.10	0.10	0.5000	0.0000	1.76	0.06	154.60	0.10	1.58	0.00
1107.0	0.08	4.99650	0.00010	5.45370	0.00020	117.912	0.005	0.4194	0.0004	0.2097	0.0002	0.8333	0.0000	4.00	0.10	0.5000	0.0000	1.73	0.06	154.60	0.10	1.58	0.00
1122.0	0.08	4.99640	0.00010	5.45330	0.00020	117.898	0.005	0.4202	0.0004	0.2101	0.0002	0.8333	0.0000	4.30	0.10	0.5000	0.0000	1.87	0.06	154.80	0.10	1.58	0.00
1138.0	0.08	4.99620	0.00010	5.45290	0.00020	117.880	0.005	0.4201	0.0004	0.2100	0.0002	0.8333	0.0000	4.40	0.10	0.5000	0.0000	1.88	0.06	154.80	0.10	1.58	0.00
1152.0	0.09	4.99600	0.00010	5.45240	0.00020	117.858	0.005	0.4201	0.0004	0.2100	0.0002	0.8333	0.0000	4.30	0.10	0.5000	0.0000	1.78	0.06	154.80	0.10	1.58	0.00
1168.0	0.10	4.99590	0.00010	5.45210	0.00020	117.846	0.005	0.4202	0.0004	0.2101	0.0002	0.8333	0.0000	4.30	0.10	0.5000	0.0000	1.74	0.06	154.80	0.10	1.58	0.00
1183.0	0.11	4.99570	0.00010	5.45170	0.00020	117.828	0.005	0.4212	0.0005	0.2106	0.0002	0.8333	0.0000	4.40	0.10	0.5000	0.0000	1.74	0.06	155.10	0.10	1.58	0.00
1198.0	0.25	4.99550	0.00010	5.45130	0.00020	117.813	0.006	0.4210	0.0005	0.2105	0.0003	0.8333	0.0000	4.40	0.10	0.5000	0.0000	1.75	0.06	155.00	0.20	1.58	0.00
1213.0	0.27	4.99530	0.00010	5.45100	0.00020	117.797	0.006	0.4217	0.0005	0.2108	0.0003	0.8333	0.0000	4.60	0.10	0.5000	0.0000	1.81	0.07	155.30	0.20	1.58	0.00
1235.0	0.34	4.99510	0.00020	5.45060	0.00020	117.778	0.007	0.4218	0.0007	0.2109	0.0003	0.8333	0.0000	4.50	0.20	0.5000	0.0000	1.83	0.08	155.30	0.20	1.58	0.00
# https://doi.org/10.1107/S205252061600233X