>>
0.00572837822705 0.0001
0.00591724405204 0.140803015075
0.00611081344342 0.281506030151
0.00630916788717 0.422209045226
0.00651238982754 0.562912060302
0.00672056268235 0.703615075377
0.00693377085867 0.844318090452
0.00715209976899 0.985021105528
0.00737563584789 1.1257241206
0.00760446656916 1.26642713568
0.00783868046342 1.40713015075
0.00807836713627 1.54783316583
0.00832361728691 1.6885361809
0.00857452272736 1.82923919598
0.00883117640217 1.96994221106
0.00909367240868 2.11064522613
0.00936210601787 2.25134824121
0.00963657369582 2.39205125628
0.00991717312566 2.53275427136
0.0102040032303 2.67345728643
0.0104971641956 2.81416030151
0.0107967574943 2.95486331658
0.0111028859108 3.09556633166
0.0114156535658 3.23626934673
0.011735165943 3.37697236181
0.0120615299153 3.51767537688
0.0123948537722 3.65837839196
0.0127352472481 3.79908140704
0.0130828215513 3.93978442211
0.0134376893933 4.08048743719
0.0137999650199 4.22119045226
0.0141697642423 4.36189346734
0.0145472044693 4.50259648241
0.0149324047407 4.64329949749
0.0153254857614 4.78400251256
0.0157265699361 4.92470552764
0.0161357814061 5.06540854271
0.0165532460855 5.20611155779
0.0169790917 5.34681457286
0.0174134478258 5.48751758794
0.0178564459302 5.62822060302
0.0183082194129 5.76892361809
0.0187689036486 5.90962663317
0.0192386360316 6.05032964824
0.0197175560201 6.19103266332
0.0202058051838 6.33173567839
0.0207035272511 6.47243869347
0.0212108681589 6.61314170854
0.0217279761034 6.75384472362
0.0222550015925 6.89454773869
0.0227920974998 7.03525075377
0.0233394191205 7.17595376884
0.0238971242284 7.31665678392
0.0244653731354 7.45735979899
0.0250443287523 7.59806281407
0.0256341566521 7.73876582915
0.0262350251346 7.87946884422
0.0268471052934 8.0201718593
0.0274705710854 8.16087487437
0.0281055994022 8.30157788945
0.0287523701433 8.44228090452
0.0294110662933 8.5829839196
0.0300818739998 8.72368693467
0.0307649826552 8.86438994975
0.0314605849808 9.00509296482
0.0321688771137 9.1457959799
0.0328900586971 9.28649899497
0.0336243329733 9.42720201005
0.03437190688 9.56790502513
0.0351329911504 9.7086080402
0.0359078004166 9.84931105528
0.0366965533166 9.99001407035
0.0374994726053 10.1307170854
0.03831678527 10.2714201005
0.0391487226494 10.4121231156
0.0399955205578 10.5528261307
0.0408574194137 10.6935291457
0.0417346643729 10.8342321608
0.0426275054676 10.9749351759
0.0435361977503 11.115638191
0.0444610014435 11.256341206
0.0454021820958 11.3970442211
0.0463600107431 11.5377472362
0.0473347640782 11.6784502513
0.0483267246255 11.8191532663
0.0493361809241 11.9598562814
0.0503634277186 12.1005592965
0.0514087661573 12.2412623116
0.0524725039994 12.3819653266
0.0535549558314 12.5226683417
0.0546564432923 12.6633713568
0.0557772953099 12.8040743719
0.0569178483463 12.9447773869
0.0580784466562 13.085480402
0.0592594425556 13.2261834171
0.0604611967038 13.3668864322
0.061684078399 13.5075894472
0.062928465887 13.6482924623
0.064194746686 13.7889954774
0.065483317926 13.9296984925
0.0667945867063 14.0704015075
0.0681289704701 14.2111045226
0.0694868973984 14.3518075377
0.0708688068241 14.4925105528
0.072275149668 14.6332135678
0.0737063888971 14.7739165829
0.0751630000085 14.914619598
0.0766454715387 15.0553226131
0.0781543056009 15.1960256281
0.0796900184534 15.3367286432
0.0812531410984 15.4774316583
0.0828442199168 15.6181346734
0.0844638173389 15.7588376884
0.0861125125547 15.8995407035
0.0877909022677 16.0402437186
0.0894996014934 16.1809467337
0.0912392444074 16.3216497487
0.0930104852472 16.4623527638
0.0948139992706 16.6030557789
0.0966504837761 16.743758794
0.0985206591908 16.884461809
0.10042527023 17.0251648241
0.102365087137 17.1658678392
0.104340907006 17.3065708543
0.106353555198 17.4472738693
0.10840388686 17.5879768844
0.110492788553 17.7286798995
0.112621179996 17.8693829146
0.114790015948 18.0100859296
0.11700028823 18.1507889447
0.1192530279 18.2914919598
0.12154930761 18.4321949749
0.123890244144 18.5728979899
0.126277001172 18.713601005
0.128710792227 18.8543040201
0.131192883945 18.9950070352
0.133724599585 19.1357100503
0.136307322856 19.2764130653
0.138942502107 19.4171160804
0.141631654888 19.5578190955
0.144376372959 19.6985221106
0.147178327783 19.8392251256
0.150039276552 19.9799281407
0.152961068846 20.1206311558
0.155945653968 20.2613341709
0.158995089072 20.4020371859
0.162111548169 20.542740201
0.165297332158 20.6834432161
0.168554879995 20.8241462312
0.171886781194 20.9648492462
0.175295789837 21.1055522613
0.178784840344 21.2462552764
0.18235706526 21.3869582915
0.186015815408 21.5276613065
0.18976468278 21.6683643216
0.19360752667 21.8090673367
0.197548503599 21.9497703518
0.201592101747 22.0904733668
0.205743180751 22.2311763819
0.210007017934 22.371879397
0.214389362281 22.5125824121
0.218896497817 22.6532854271
0.223535318488 22.7939884422
0.228313417192 22.9346914573
0.23323919241 23.0753944724
0.238321976867 23.2160974874
0.243572194101 23.3568005025
0.249001550716 23.4975035176
0.254623274833 23.6382065327
0.260452415107 23.7789095477
0.266506220291 23.9196125628
0.272804627645 24.0603155779
0.27937090103 24.201018593
0.286232479037 24.341721608
0.293422124551 24.4824246231
0.300979518343 24.6231276382
0.308953526643 24.7638306533
0.31740552843 24.9045336683
0.32641448012 25.0452366834
0.336084976703 25.1859396985
0.346560815008 25.3266427136
0.358049499113 25.4673457286
0.370870930012 25.6080487437
0.385568059462 25.7487517588
0.403216633626 25.8894547739
0.426704397121 26.0301577889
0.531045319939 26.0301577889
0.554237321089 25.8894547739
0.571602041411 25.7487517588
0.586027044546 25.6080487437
0.598587897627 25.4673457286
0.609827375321 25.3266427136
0.620065203463 25.1859396985
0.629508712897 25.0452366834
0.638301529137 24.9045336683
0.646548077762 24.7638306533
0.654327147676 24.6231276382
0.661699952232 24.4824246231
0.668715193913 24.341721608
0.675412391606 24.201018593
0.681824148169 24.0603155779
0.687977744006 23.9196125628
0.69389628662 23.7789095477
0.699599558733 23.6382065327
0.705104656363 23.4975035176
0.710426477218 23.3568005025
0.715578100252 23.2160974874
0.720571084663 23.0753944724
0.725415708333 22.9346914573
0.730121160065 22.7939884422
0.734695696135 22.6532854271
0.739146768944 22.5125824121
0.743481133629 22.371879397
0.747704937081 22.2311763819
0.751823792807 22.0904733668
0.755842844298 21.9497703518
0.759766818985 21.8090673367
0.763600074457 21.6683643216
0.767346638233 21.5276613065
0.771010242191 21.3869582915
0.77459435247 21.2462552764
0.778102195584 21.1055522613
0.781536781304 20.9648492462
0.784900922788 20.8241462312
0.788197254361 20.6834432161
0.791428247255 20.542740201
0.794596223618 20.4020371859
0.797703368984 20.2613341709
0.80075174344 20.1206311558
0.803743291629 19.9799281407
0.806679851747 19.8392251256
0.809563163649 19.6985221106
0.812394876178 19.5578190955
0.815176553794 19.4171160804
0.817909682595 19.2764130653
0.820595675791 19.1357100503
0.823235878693 18.9950070352
0.825831573264 18.8543040201
0.82838398229 18.713601005
0.830894273192 18.5728979899
0.833363561531 18.4321949749
0.835792914231 18.2914919598
0.838183352541 18.1507889447
0.840535854776 18.0100859296
0.842851358837 17.8693829146
0.845130764554 17.7286798995
0.847374935846 17.5879768844
0.849584702727 17.4472738693
0.851760863175 17.3065708543
0.85390418486 17.1658678392
0.85601540676 17.0251648241
0.858095240662 16.884461809
0.860144372563 16.743758794
0.862163463986 16.6030557789
0.864153153196 16.4623527638
0.866114056355 16.3216497487
0.868046768587 16.1809467337
0.869951864993 16.0402437186
0.87182990159 15.8995407035
0.873681416202 15.7588376884
0.875506929295 15.6181346734
0.877306944761 15.4774316583
0.879081950658 15.3367286432
0.880832419913 15.1960256281
0.882558810972 15.0553226131
0.884261568427 14.914619598
0.885941123604 14.7739165829
0.887597895112 14.6332135678
0.889232289376 14.4925105528
0.89084470113 14.3518075377
0.892435513889 14.2111045226
0.894005100398 14.0704015075
0.895553823053 13.9296984925
0.897082034306 13.7889954774
0.898590077048 13.6482924623
0.900078284968 13.5075894472
0.901546982907 13.3668864322
0.902996487179 13.2261834171
0.904427105888 13.085480402
0.905839139228 12.9447773869
0.907232879765 12.8040743719
0.908608612711 12.6633713568
0.909966616178 12.5226683417
0.911307161433 12.3819653266
0.912630513127 12.2412623116
0.913936929527 12.1005592965
0.915226662726 11.9598562814
0.916499958855 11.8191532663
0.917757058276 11.6784502513
0.918998195775 11.5377472362
0.92022360074 11.3970442211
0.921433497338 11.256341206
0.922628104678 11.115638191
0.923807636976 10.9749351759
0.924972303703 10.8342321608
0.926122309733 10.6935291457
0.927257855488 10.5528261307
0.928379137069 10.4121231156
0.929486346392 10.2714201005
0.930579671307 10.1307170854
0.931659295723 9.99001407035
0.932725399725 9.84931105528
0.93377815968 9.7086080402
0.934817748352 9.56790502513
0.935844335 9.42720201005
0.93685808548 9.28649899497
0.937859162341 9.1457959799
0.938847724918 9.00509296482
0.939823929423 8.86438994975
0.940787929026 8.72368693467
0.941739873946 8.5829839196
0.942679911526 8.44228090452
0.943608186311 8.30157788945
0.944524840126 8.16087487437
0.945430012145 8.0201718593
0.946323838966 7.87946884422
0.947206454673 7.73876582915
0.948077990904 7.59806281407
0.948938576918 7.45735979899
0.949788339651 7.31665678392
0.950627403777 7.17595376884
0.951455891767 7.03525075377
0.952273923946 6.89454773869
0.953081618541 6.75384472362
0.953879091742 6.61314170854
0.954666457745 6.47243869347
0.955443828805 6.33173567839
0.956211315285 6.19103266332
0.956969025698 6.05032964824
0.957717066757 5.90962663317
0.958455543414 5.76892361809
0.959184558907 5.62822060302
0.959904214797 5.48751758794
0.960614611011 5.34681457286
0.961315845879 5.20611155779
0.962008016174 5.06540854271
0.962691217145 4.92470552764
0.963365542559 4.78400251256
0.964031084728 4.64329949749
0.96468793455 4.50259648241
0.965336181537 4.36189346734
0.965975913849 4.22119045226
0.966607218327 4.08048743719
0.967230180521 3.93978442211
0.96784488472 3.79908140704
0.968451413982 3.65837839196
0.969049850162 3.51767537688
0.969640273937 3.37697236181
0.970222764839 3.23626934673
0.970797401275 3.09556633166
0.971364260554 2.95486331658
0.971923418917 2.81416030151
0.972474951553 2.67345728643
0.973018932629 2.53275427136
0.973555435314 2.39205125628
0.974084531795 2.25134824121
0.974606293307 2.11064522613
0.975120790151 1.96994221106
0.975628091716 1.82923919598
0.976128266498 1.6885361809
0.976621382126 1.54783316583
0.977107505374 1.40713015075
0.977586702188 1.26642713568
0.978059037703 1.1257241206
0.978524576257 0.985021105528
0.978983381418 0.844318090452
0.979435515996 0.703615075377
0.979881042062 0.562912060302
0.980320020968 0.422209045226
0.98075251336 0.281506030151
0.981178579198 0.140803015075
0.981598277773 0.0001
>>
0.00681168489175 0.0001
0.00703426485837 0.140803015075
0.00726230712669 0.281506030151
0.00749590494417 0.422209045226
0.00773515268868 0.562912060302
0.00798014588869 0.703615075377
0.00823098124416 0.844318090452
0.00848775664795 0.985021105528
0.00875057120792 1.1257241206
0.00901952526961 1.26642713568
0.00929472043963 1.40713015075
0.00957625960967 1.54783316583
0.00986424698127 1.6885361809
0.0101587880912 1.82923919598
0.0104599898375 1.96994221106
0.0107679605068 2.11064522613
0.0110828098013 2.25134824121
0.0114046488678 2.39205125628
0.0117335903268 2.53275427136
0.0120697483022 2.67345728643
0.0124132384529 2.81416030151
0.0127641780039 2.95486331658
0.0131226857796 3.09556633166
0.013488882237 3.23626934673
0.0138628895005 3.37697236181
0.0142448313975 3.51767537688
0.0146348334949 3.65837839196
0.015033023137 3.79908140704
0.0154395294839 3.93978442211
0.0158544835516 4.08048743719
0.0162780182528 4.22119045226
0.0167102684396 4.36189346734
0.0171513709463 4.50259648241
0.0176014646346 4.64329949749
0.0180606904396 4.78400251256
0.0185291914171 4.92470552764
0.0190071127924 5.06540854271
0.0194946020111 5.20611155779
0.0199918087902 5.34681457286
0.020498885172 5.48751758794
0.0210159855792 5.62822060302
0.0215432668713 5.76892361809
0.0220808884035 5.90962663317
0.0226290120868 6.05032964824
0.0231878024503 6.19103266332
0.0237574267056 6.33173567839
0.0243380548126 6.47243869347
0.0249298595485 6.61314170854
0.0255330165781 6.75384472362
0.0261477045264 6.89454773869
0.0267741050548 7.03525075377
0.027412402938 7.17595376884
0.0280627861451 7.31665678392
0.0287254459222 7.45735979899
0.029400576879 7.59806281407
0.0300883770771 7.73876582915
0.0307890481225 7.87946884422
0.0315027952604 8.0201718593
0.0322298274744 8.16087487437
0.0329703575877 8.30157788945
0.0337246023698 8.44228090452
0.0344927826453 8.5829839196
0.0352751234081 8.72368693467
0.0360718539387 8.86438994975
0.0368832079268 9.00509296482
0.0377094235977 9.1457959799
0.0385507438444 9.28649899497
0.0394074163637 9.42720201005
0.0402796937986 9.56790502513
0.0411678338856 9.7086080402
0.0420720996081 9.84931105528
0.0429927593561 9.99001407035
0.0439300870918 10.1307170854
0.0448843625228 10.2714201005
0.0458558712815 10.4121231156
0.0468449051128 10.5528261307
0.0478517620694 10.6935291457
0.0488767467153 10.8342321608
0.0499201703383 10.9749351759
0.0509823511714 11.115638191
0.0520636146249 11.256341206
0.0531642935277 11.3970442211
0.0542847283802 11.5377472362
0.0554252676184 11.6784502513
0.0565862678909 11.8191532663
0.0577680943479 11.9598562814
0.0589711209442 12.1005592965
0.0601957307577 12.2412623116
0.0614423163215 12.3819653266
0.0627112799742 12.5226683417
0.0640030342261 12.6633713568
0.0653180021453 12.8040743719
0.066656617762 12.9447773869
0.0680193264947 13.085480402
0.0694065855989 13.2261834171
0.0708188646385 13.3668864322
0.0722566459838 13.5075894472
0.0737204253357 13.6482924623
0.0752107122796 13.7889954774
0.0767280308699 13.9296984925
0.0782729202477 14.0704015075
0.0798459352944 14.2111045226
0.0814476473234 14.3518075377
0.0830786448123 14.4925105528
0.0847395341805 14.6332135678
0.0864309406124 14.7739165829
0.0881535089337 14.914619598
0.0899079045411 15.0553226131
0.0916948143923 15.1960256281
0.0935149480605 15.3367286432
0.0953690388579 15.4774316583
0.0972578450346 15.6181346734
0.0991821510595 15.7588376884
0.10114276899 15.8995407035
0.103140539936 16.0402437186
0.105176335634 16.1809467337
0.107251060131 16.3216497487
0.10936565159 16.4623527638
0.111521084246 16.6030557789
0.113718370495 16.743758794
0.115958563156 16.884461809
0.118242757914 17.0251648241
0.120572095956 17.1658678392
0.122947766831 17.3065708543
0.125371011545 17.4472738693
0.127843125931 17.5879768844
0.130365464308 17.7286798995
0.13293944347 17.8693829146
0.135566547046 18.0100859296
0.138248330257 18.1507889447
0.140986425143 18.2914919598
0.143782546289 18.4321949749
0.146638497129 18.5728979899
0.149556176898 18.713601005
0.152537588314 18.8543040201
0.15558484608 18.9950070352
0.15870018633 19.1357100503
0.161885977145 19.2764130653
0.165144730283 19.4171160804
0.168479114314 19.5578190955
0.171891969368 19.6985221106
0.175386323735 19.8392251256
0.178965412636 19.9799281407
0.182632699488 20.1206311558
0.186391900127 20.2613341709
0.190247010463 20.4020371859
0.194202338223 20.542740201
0.198262539522 20.6834432161
0.202432661218 20.8241462312
0.206718190181 20.9648492462
0.211125110957 21.1055522613
0.215659973608 21.2462552764
0.220329974053 21.3869582915
0.225143049832 21.5276613065
0.230107995102 21.6683643216
0.235234599818 21.8090673367
0.240533819634 21.9497703518
0.246017985268 22.0904733668
0.251701063195 22.2311763819
0.257598983952 22.371879397
0.263730060887 22.5125824121
0.270115531882 22.6532854271
0.27678027138 22.7939884422
0.283753743293 22.9346914573
0.291071302777 23.0753944724
0.298776017296 23.2160974874
0.306921285623 23.3568005025
0.315574729721 23.4975035176
0.324824210119 23.6382065327
0.334787582676 23.7789095477
0.345629512601 23.9196125628
0.357592824318 24.0603155779
0.371063558013 24.201018593
0.386728717539 24.341721608
0.406069427542 24.4824246231
0.43401371077 24.6231276382
0.515125994495 24.6231276382
0.542865585601 24.4824246231
0.562012983598 24.341721608
0.577496029645 24.201018593
0.590795668897 24.0603155779
0.602598727799 23.9196125628
0.613291071199 23.7789095477
0.62311535024 23.6382065327
0.632236058892 23.4975035176
0.640770883805 23.3568005025
0.648807518312 23.2160974874
0.656413419178 23.0753944724
0.663641821962 22.9346914573
0.670535632881 22.7939884422
0.677130047794 22.6532854271
0.683454373252 22.5125824121
0.689533328254 22.371879397
0.695387997139 22.2311763819
0.701036541595 22.0904733668
0.706494742367 21.9497703518
0.711776417984 21.8090673367
0.716893753053 21.6683643216
0.721857558925 21.5276613065
0.726677483051 21.3869582915
0.73136217886 21.2462552764
0.735919444922 21.1055522613
0.740356339927 20.9648492462
0.74467927843 20.8241462312
0.748894111173 20.6834432161
0.753006192909 20.542740201
0.757020440044 20.4020371859
0.76094137989 20.2613341709
0.764773193 20.1206311558
0.768519749721 19.9799281407
0.772184641919 19.8392251256
0.775771210617 19.6985221106
0.779282570192 19.5578190955
0.782721629635 19.4171160804
0.786091111288 19.2764130653
0.789393567441 19.1357100503
0.792631395048 18.9950070352
0.795806848853 18.8543040201
0.798922053099 18.713601005
0.801979012026 18.5728979899
0.804979619298 18.4321949749
0.807925666489 18.2914919598
0.810818850746 18.1507889447
0.813660781725 18.0100859296
0.816452987874 17.8693829146
0.819196922147 17.7286798995
0.821893967207 17.5879768844
0.824545440173 17.4472738693
0.827152596956 17.3065708543
0.829716636237 17.1658678392
0.832238703105 17.0251648241
0.834719892414 16.884461809
0.837161251858 16.743758794
0.839563784815 16.6030557789
0.841928452972 16.4623527638
0.844256178743 16.3216497487
0.846547847521 16.1809467337
0.848804309754 16.0402437186
0.851026382877 15.8995407035
0.853214853108 15.7588376884
0.855370477114 15.6181346734
0.857493983573 15.4774316583
0.85958607462 15.3367286432
0.8616474272 15.1960256281
0.863678694341 15.0553226131
0.865680506332 14.914619598
0.867653471834 14.7739165829
0.869598178921 14.6332135678
0.871515196055 14.4925105528
0.873405073003 14.3518075377
0.875268341698 14.2111045226
0.877105517048 14.0704015075
0.878917097704 13.9296984925
0.880703566774 13.7889954774
0.882465392505 13.6482924623
0.884203028921 13.5075894472
0.88591691643 13.3668864322
0.887607482395 13.2261834171
0.889275141676 13.085480402
0.890920297138 12.9447773869
0.892543340145 12.8040743719
0.89414465101 12.6633713568
0.895724599438 12.5226683417
0.897283544938 12.3819653266
0.898821837216 12.2412623116
0.900339816549 12.1005592965
0.901837814143 11.9598562814
0.903316152468 11.8191532663
0.904775145581 11.6784502513
0.906215099433 11.5377472362
0.907636312164 11.3970442211
0.909039074377 11.256341206
0.910423669408 11.115638191
0.911790373578 10.9749351759
0.913139456436 10.8342321608
0.914471180992 10.6935291457
0.915785803938 10.5528261307
0.917083575858 10.4121231156
0.918364741435 10.2714201005
0.919629539639 10.1307170854
0.920878203922 9.99001407035
0.922110962387 9.84931105528
0.923328037964 9.7086080402
0.924529648573 9.56790502513
0.925716007283 9.42720201005
0.926887322457 9.28649899497
0.928043797904 9.1457959799
0.929185633015 9.00509296482
0.930313022895 8.86438994975
0.931426158497 8.72368693467
0.932525226738 8.5829839196
0.933610410625 8.44228090452
0.934681889367 8.30157788945
0.935739838485 8.16087487437
0.936784429917 8.0201718593
0.937815832123 7.87946884422
0.938834210182 7.73876582915
0.939839725888 7.59806281407
0.94083253784 7.45735979899
0.941812801533 7.31665678392
0.942780669442 7.17595376884
0.943736291104 7.03525075377
0.944679813199 6.89454773869
0.945611379626 6.75384472362
0.946531131577 6.61314170854
0.947439207612 6.47243869347
0.948335743722 6.33173567839
0.949220873405 6.19103266332
0.950094727722 6.05032964824
0.950957435367 5.90962663317
0.951809122725 5.76892361809
0.952649913932 5.62822060302
0.95347993093 5.48751758794
0.954299293525 5.34681457286
0.955108119441 5.20611155779
0.95590652437 5.06540854271
0.956694622023 4.92470552764
0.957472524181 4.78400251256
0.95824034074 4.64329949749
0.95899817976 4.50259648241
0.959746147508 4.36189346734
0.960484348502 4.22119045226
0.961212885552 4.08048743719
0.961931859805 3.93978442211
0.962641370782 3.79908140704
0.963341516417 3.65837839196
0.964032393096 3.51767537688
0.964714095694 3.37697236181
0.965386717609 3.23626934673
0.9660503508 3.09556633166
0.96670508582 2.95486331658
0.967351011845 2.81416030151
0.967988216715 2.67345728643
0.968616786956 2.53275427136
0.969236807819 2.39205125628
0.969848363304 2.25134824121
0.970451536192 2.11064522613
0.971046408075 1.96994221106
0.971633059381 1.82923919598
0.972211569401 1.6885361809
0.97278201632 1.54783316583
0.973344477239 1.40713015075
0.973899028201 1.26642713568
0.974445744218 1.1257241206
0.974984699293 0.985021105528
0.975515966446 0.844318090452
0.976039617737 0.703615075377
0.976555724287 0.562912060302
0.977064356302 0.422209045226
0.977565583096 0.281506030151
0.978059473111 0.140803015075
0.97854609394 0.0001
>>
0.00796492973711 0.0001
0.00822368875272 0.140803015075
0.00848872764925 0.281506030151
0.00876015263514 0.422209045226
0.00903807125754 0.562912060302
0.00932259242881 0.703615075377
0.00961382645384 0.844318090452
0.00991188505817 0.985021105528
0.0102168814169 1.1257241206
0.0105289301845 1.26642713568
0.0108481475255 1.40713015075
0.0111746511456 1.54783316583
0.0115085603248 1.6885361809
0.0118499959503 1.82923919598
0.0121990805509 1.96994221106
0.0125559383325 2.11064522613
0.0129206952144 2.25134824121
0.0132934788667 2.39205125628
0.0136744187488 2.53275427136
0.0140636461493 2.67345728643
0.0144612942265 2.81416030151
0.0148674980506 2.95486331658
0.015282394647 3.09556633166
0.0157061230406 3.23626934673
0.0161388243022 3.37697236181
0.0165806415951 3.51767537688
0.0170317202242 3.65837839196
0.017492207686 3.79908140704
0.0179622537204 3.93978442211
0.0184420103635 4.08048743719
0.0189316320032 4.22119045226
0.0194312754351 4.36189346734
0.0199410999212 4.50259648241
0.0204612672498 4.64329949749
0.0209919417979 4.78400251256
0.0215332905949 4.92470552764
0.0220854833887 5.06540854271
0.0226486927141 5.20611155779
0.0232230939628 5.34681457286
0.0238088654566 5.48751758794
0.024406188522 5.62822060302
0.0250152475679 5.76892361809
0.0256362301662 5.90962663317
0.0262693271338 6.05032964824
0.026914732619 6.19103266332
0.02757264419 6.33173567839
0.0282432629262 6.47243869347
0.0289267935134 6.61314170854
0.029623444342 6.75384472362
0.0303334276083 6.89454773869
0.0310569594204 7.03525075377
0.0317942599069 7.17595376884
0.0325455533302 7.31665678392
0.0333110682038 7.45735979899
0.0340910374137 7.59806281407
0.0348856983449 7.73876582915
0.0356952930121 7.87946884422
0.0365200681959 8.0201718593
0.0373602755841 8.16087487437
0.0382161719181 8.30157788945
0.039088019146 8.44228090452
0.0399760845805 8.5829839196
0.0408806410649 8.72368693467
0.0418019671438 8.86438994975
0.0427403472428 9.00509296482
0.0436960718541 9.1457959799
0.0446694377309 9.28649899497
0.0456607480896 9.42720201005
0.0466703128208 9.56790502513
0.0476984487097 9.7086080402
0.0487454796655 9.84931105528
0.049811736962 9.99001407035
0.0508975594881 10.1307170854
0.0520032940101 10.2714201005
0.0531292954462 10.4121231156
0.0542759271535 10.5528261307
0.0554435612288 10.6935291457
0.0566325788236 10.8342321608
0.0578433704739 10.9749351759
0.0590763364472 11.115638191
0.0603318871055 11.256341206
0.0616104432873 11.3970442211
0.0629124367087 11.5377472362
0.064238310385 11.6784502513
0.0655885190746 11.8191532663
0.0669635297458 11.9598562814
0.0683638220696 12.1005592965
0.0697898889376 12.2412623116
0.0712422370103 12.3819653266
0.0727213872943 12.5226683417
0.0742278757528 12.6633713568
0.0757622539514 12.8040743719
0.077325089741 12.9447773869
0.0789169679807 13.085480402
0.0805384913047 13.2261834171
0.0821902809353 13.3668864322
0.0838729775457 13.5075894472
0.0855872421776 13.6482924623
0.0873337572163 13.7889954774
0.0891132274292 13.9296984925
0.0909263810721 14.0704015075
0.0927739710693 14.2111045226
0.0946567762732 14.3518075377
0.0965756028115 14.4925105528
0.0985312855272 14.6332135678
0.100524689522 14.7739165829
0.102556711812 14.914619598
0.104628283103 15.0553226131
0.106740369701 15.1960256281
0.108893975567 15.3367286432
0.111090144532 15.4774316583
0.113329962689 15.6181346734
0.115614560973 15.7588376884
0.117945117959 15.8995407035
0.12032286289 16.0402437186
0.122749078962 16.1809467337
0.125225106907 16.3216497487
0.127752348877 16.4623527638
0.130332272695 16.6030557789
0.132966416497 16.743758794
0.13565639381 16.884461809
0.13840389913 17.0251648241
0.141210714044 17.1658678392
0.144078713985 17.3065708543
0.147009875677 17.4472738693
0.150006285386 17.5879768844
0.153070148061 17.7286798995
0.156203797502 17.8693829146
0.159409707703 18.0100859296
0.162690505523 18.1507889447
0.166048984905 18.2914919598
0.16948812286 18.4321949749
0.17301109751 18.5728979899
0.176621308514 18.713601005
0.180322400286 18.8543040201
0.184118288469 18.9950070352
0.188013190275 19.1357100503
0.192011659372 19.2764130653
0.19611862621 19.4171160804
0.200339444851 19.5578190955
0.204679947645 19.6985221106
0.209146509414 19.8392251256
0.213746123279 19.9799281407
0.218486490796 20.1206311558
0.223376129889 20.2613341709
0.228424505068 20.4020371859
0.23364218585 20.542740201
0.23904104125 20.6834432161
0.244634480961 20.8241462312
0.250437757702 20.9648492462
0.256468350928 21.1055522613
0.262746460422 21.2462552764
0.269295650959 21.3869582915
0.276143708863 21.5276613065
0.283323802542 21.6683643216
0.290876090559 21.8090673367
0.298850008622 21.9497703518
0.307307623347 22.0904733668
0.316328733546 22.2311763819
0.326018982541 22.371879397
0.336523492583 22.5125824121
0.348051464027 22.6532854271
0.36092495762 22.7939884422
0.375689449821 22.9346914573
0.39342188906 23.0753944724
0.416990586327 23.2160974874
0.523817012478 23.2160974874
0.547279132757 23.0753944724
0.564915708625 22.9346914573
0.579594871108 22.7939884422
0.592393390875 22.6532854271
0.603856568825 22.5125824121
0.614306292311 22.371879397
0.623951590452 22.2311763819
0.632937416399 22.0904733668
0.641369246489 21.9497703518
0.649326714646 21.8090673367
0.656871724671 21.6683643216
0.664053551519 21.5276613065
0.670912195029 21.3869582915
0.677480666905 21.2462552764
0.683786598759 21.1055522613
0.689853402629 20.9648492462
0.695701127513 20.8241462312
0.701347104013 20.6834432161
0.706806437908 20.542740201
0.712092393835 20.4020371859
0.717216697628 20.2613341709
0.722189777466 20.1206311558
0.727020958348 19.9799281407
0.731718620495 19.8392251256
0.736290329539 19.6985221106
0.740742944443 19.5578190955
0.745082707612 19.4171160804
0.749315320698 19.2764130653
0.753446008766 19.1357100503
0.757479574948 18.9950070352
0.76142044725 18.8543040201
0.765272718858 18.713601005
0.769040183009 18.5728979899
0.772726363303 18.4321949749
0.77633454016 18.2914919598
0.77986777402 18.1507889447
0.783328925744 18.0100859296
0.78672067464 17.8693829146
0.790045534427 17.7286798995
0.793305867431 17.5879768844
0.796503897241 17.4472738693
0.799641720028 17.3065708543
0.802721314694 17.1658678392
0.805744552 17.0251648241
0.808713202787 16.884461809
0.811628945411 16.743758794
0.814493372475 16.6030557789
0.817307996934 16.4623527638
0.820074257651 16.3216497487
0.822793524464 16.1809467337
0.825467102802 16.0402437186
0.828096237919 15.8995407035
0.830682118768 15.7588376884
0.833225881555 15.6181346734
0.835728613014 15.4774316583
0.838191353418 15.3367286432
0.840615099353 15.1960256281
0.843000806288 15.0553226131
0.84534939095 14.914619598
0.847661733516 14.7739165829
0.849938679658 14.6332135678
0.852181042433 14.4925105528
0.854389604046 14.3518075377
0.856565117486 14.2111045226
0.858708308055 14.0704015075
0.860819874796 13.9296984925
0.862900491819 13.7889954774
0.864950809549 13.6482924623
0.866971455889 13.5075894472
0.868963037315 13.3668864322
0.870926139897 13.2261834171
0.872861330258 13.085480402
0.874769156482 12.9447773869
0.87665014896 12.8040743719
0.878504821189 12.6633713568
0.880333670524 12.5226683417
0.882137178892 12.3819653266
0.883915813454 12.2412623116
0.885670027247 12.1005592965
0.887400259771 11.9598562814
0.889106937562 11.8191532663
0.890790474724 11.6784502513
0.892451273434 11.5377472362
0.894089724421 11.3970442211
0.895706207426 11.256341206
0.897301091629 11.115638191
0.898874736058 10.9749351759
0.900427489983 10.8342321608
0.901959693284 10.6935291457
0.903471676801 10.5528261307
0.904963762673 10.4121231156
0.906436264653 10.2714201005
0.907889488415 10.1307170854
0.909323731845 9.99001407035
0.910739285312 9.84931105528
0.912136431939 9.7086080402
0.91351544785 9.56790502513
0.914876602411 9.42720201005
0.916220158464 9.28649899497
0.917546372542 9.1457959799
0.918855495084 9.00509296482
0.920147770632 8.86438994975
0.921423438029 8.72368693467
0.922682730599 8.5829839196
0.923925876327 8.44228090452
0.925153098028 8.30157788945
0.926364613511 8.16087487437
0.927560635733 8.0201718593
0.928741372952 7.87946884422
0.92990702887 7.73876582915
0.931057802769 7.59806281407
0.932193889651 7.45735979899
0.933315480356 7.31665678392
0.934422761697 7.17595376884
0.935515916567 7.03525075377
0.936595124063 6.89454773869
0.937660559588 6.75384472362
0.938712394963 6.61314170854
0.939750798526 6.47243869347
0.940775935229 6.33173567839
0.941787966737 6.19103266332
0.942787051517 6.05032964824
0.943773344925 5.90962663317
0.944746999296 5.76892361809
0.945708164021 5.62822060302
0.946656985629 5.48751758794
0.947593607866 5.34681457286
0.948518171766 5.20611155779
0.949430815723 5.06540854271
0.950331675564 4.92470552764
0.951220884613 4.78400251256
0.952098573757 4.64329949749
0.952964871511 4.50259648241
0.953819904076 4.36189346734
0.9546637954 4.22119045226
0.955496667235 4.08048743719
0.956318639194 3.93978442211
0.957129828803 3.79908140704
0.957930351554 3.65837839196
0.958720320956 3.51767537688
0.959499848586 3.37697236181
0.960269044133 3.23626934673
0.961028015449 3.09556633166
0.961776868591 2.95486331658
0.962515707866 2.81416030151
0.963244635877 2.67345728643
0.963963753556 2.53275427136
0.964673160216 2.39205125628
0.96537295358 2.25134824121
0.966063229828 2.11064522613
0.966744083627 1.96994221106
0.967415608172 1.82923919598
0.968077895222 1.6885361809
0.968731035131 1.54783316583
0.969375116885 1.40713015075
0.970010228133 1.26642713568
0.970636455222 1.1257241206
0.971253883225 0.985021105528
0.971862595973 0.844318090452
0.972462676087 0.703615075377
0.973054205005 0.562912060302
0.973637263012 0.422209045226
0.974211929268 0.281506030151
0.974778281834 0.140803015075
0.975336397703 0.0001
>>
0.00917416961312 0.0001
0.00947137894497 0.140803015075
0.00977574494255 0.281506030151
0.0100873881053 0.422209045226
0.0104064305222 0.562912060302
0.0107329959058 0.703615075377
0.0110672096278 0.844318090452
0.0114091987558 0.985021105528
0.0117590920902 1.1257241206
0.0121170202036 1.26642713568
0.01248311548 1.40713015075
0.0128575121561 1.54783316583
0.0132403463635 1.6885361809
0.0136317561719 1.82923919598
0.0140318816345 1.96994221106
0.0144408648331 2.11064522613
0.0148588499268 2.25134824121
0.0152859832001 2.39205125628
0.0157224131134 2.53275427136
0.0161682903556 2.67345728643
0.0166237678969 2.81416030151
0.0170890010444 2.95486331658
0.0175641474991 3.09556633166
0.0180493674145 3.23626934673
0.0185448234572 3.37697236181
0.0190506808691 3.51767537688
0.0195671075322 3.65837839196
0.0200942740352 3.79908140704
0.0206323537415 3.93978442211
0.0211815228608 4.08048743719
0.021741960522 4.22119045226
0.0223138488487 4.36189346734
0.0228973730374 4.50259648241
0.0234927214383 4.64329949749
0.0241000856387 4.78400251256
0.0247196605492 4.92470552764
0.0253516444929 5.06540854271
0.025996239298 5.20611155779
0.0266536503929 5.34681457286
0.0273240869053 5.48751758794
0.0280077617648 5.62822060302
0.0287048918085 5.76892361809
0.0294156978912 5.90962663317
0.0301404049993 6.05032964824
0.0308792423685 6.19103266332
0.0316324436069 6.33173567839
0.0324002468215 6.47243869347
0.03318289475 6.61314170854
0.0339806348985 6.75384472362
0.0347937196826 6.89454773869
0.0356224065758 7.03525075377
0.0364669582632 7.17595376884
0.0373276428005 7.31665678392
0.0382047337807 7.45735979899
0.0390985105066 7.59806281407
0.0400092581709 7.73876582915
0.0409372680435 7.87946884422
0.0418828376671 8.0201718593
0.0428462710603 8.16087487437
0.0438278789301 8.30157788945
0.0448279788938 8.44228090452
0.0458468957094 8.5829839196
0.0468849615182 8.72368693467
0.0479425160963 8.86438994975
0.0490199071186 9.00509296482
0.050117490435 9.1457959799
0.0512356303592 9.28649899497
0.0523746999706 9.42720201005
0.0535350814317 9.56790502513
0.0547171663198 9.7086080402
0.0559213559752 9.84931105528
0.0571480618671 9.99001407035
0.0583977059769 10.1307170854
0.0596707212019 10.2714201005
0.060967551779 10.4121231156
0.0622886537307 10.5528261307
0.0636344953349 10.6935291457
0.0650055576191 10.8342321608
0.0664023348824 10.9749351759
0.0678253352449 11.115638191
0.0692750812285 11.256341206
0.0707521103708 11.3970442211
0.0722569758725 11.5377472362
0.0737902472847 11.6784502513
0.0753525112344 11.8191532663
0.0769443721948 11.9598562814
0.0785664533019 12.1005592965
0.0802193972211 12.2412623116
0.0819038670681 12.3819653266
0.0836205473883 12.5226683417
0.0853701451991 12.6633713568
0.0871533911004 12.8040743719
0.0889710404592 12.9447773869
0.0908238746738 13.085480402
0.0927127025249 13.2261834171
0.0946383616215 13.3668864322
0.0966017199484 13.5075894472
0.0986036775269 13.6482924623
0.100645168196 13.7889954774
0.102727161528 13.9296984925
0.10485066489 14.0704015075
0.107016725662 14.2111045226
0.109226433635 14.3518075377
0.111480923602 14.4925105528
0.113781378153 14.6332135678
0.116129030716 14.7739165829
0.118525168846 14.914619598
0.120971137813 15.0553226131
0.123468344491 15.1960256281
0.126018261618 15.3367286432
0.128622432439 15.4774316583
0.13128247579 15.6181346734
0.13400009168 15.7588376884
0.136777067419 15.8995407035
0.139615284368 16.0402437186
0.142516725396 16.1809467337
0.145483483116 16.3216497487
0.148517769033 16.4623527638
0.151621923703 16.6030557789
0.154798428066 16.743758794
0.158049916101 16.884461809
0.161379189026 17.0251648241
0.164789231258 17.1658678392
0.168283228417 17.3065708543
0.171864587703 17.4472738693
0.175536961058 17.5879768844
0.179304271557 17.7286798995
0.183170743647 17.8693829146
0.187140937902 18.0100859296
0.191219791183 18.1507889447
0.195412663253 18.2914919598
0.19972539117 18.4321949749
0.20416435312 18.5728979899
0.208736543775 18.713601005
0.21344966383 18.8543040201
0.218312227146 18.9950070352
0.223333689929 19.1357100503
0.228524607769 19.2764130653
0.233896828293 19.4171160804
0.239463729829 19.5578190955
0.245240520346 19.6985221106
0.251244616405 19.8392251256
0.25749613006 19.9799281407
0.26401850393 20.1206311558
0.270839353745 20.2613341709
0.277991607913 20.4020371859
0.285515083415 20.542740201
0.293458721851 20.6834432161
0.301883859513 20.8241462312
0.310869185069 20.9648492462
0.320518591758 21.1055522613
0.330974307896 21.2462552764
0.342440431196 21.3869582915
0.355229182459 21.5276613065
0.369864369236 21.6683643216
0.387363595731 21.8090673367
0.410341962886 21.9497703518
0.463011772417 22.0904733668
0.469973034568 22.0904733668
0.522619204867 21.9497703518
0.54558421569 21.8090673367
0.56308018832 21.6683643216
0.577722045298 21.5276613065
0.590527214734 21.3869582915
0.602019330364 21.2462552764
0.61251044143 21.1055522613
0.622204476323 20.9648492462
0.631243496246 20.8241462312
0.63973122951 20.6834432161
0.647746202016 20.542740201
0.65534958943 20.4020371859
0.662590174837 20.2613341709
0.669507618793 20.1206311558
0.676134695347 19.9799281407
0.682498867907 19.8392251256
0.688623428793 19.6985221106
0.694528341747 19.5578190955
0.700230876987 19.4171160804
0.705746098083 19.2764130653
0.711087240885 19.1357100503
0.716266012434 18.9950070352
0.721292829611 18.8543040201
0.726177011755 18.713601005
0.730926937687 18.5728979899
0.735550174862 18.4321949749
0.740053586485 18.2914919598
0.744443421034 18.1507889447
0.748725387585 18.0100859296
0.752904719626 17.8693829146
0.756986229425 17.7286798995
0.760974354628 17.5879768844
0.764873198387 17.4472738693
0.768686564101 17.3065708543
0.772417985625 17.1658678392
0.776070753647 17.0251648241
0.77964793882 16.884461809
0.783152412123 16.743758794
0.786586862839 16.6030557789
0.789953814499 16.4623527638
0.793255639053 16.3216497487
0.79649456951 16.1809467337
0.799672711247 16.0402437186
0.802792052153 15.8995407035
0.805854471745 15.7588376884
0.808861749395 15.6181346734
0.811815571762 15.4774316583
0.81471753952 15.3367286432
0.817569173473 15.1960256281
0.820371920111 15.0553226131
0.823127156674 14.914619598
0.825836195787 14.7739165829
0.828500289682 14.6332135678
0.83112063409 14.4925105528
0.833698371793 14.3518075377
0.836234595905 14.2111045226
0.838730352889 14.0704015075
0.841186645339 13.9296984925
0.843604434552 13.7889954774
0.845984642904 13.6482924623
0.848328156058 13.5075894472
0.850635825004 13.3668864322
0.852908467958 13.2261834171
0.85514687213 13.085480402
0.857351795363 12.9447773869
0.859523967671 12.8040743719
0.861664092661 12.6633713568
0.863772848876 12.5226683417
0.865850891037 12.3819653266
0.867898851217 12.2412623116
0.869917339934 12.1005592965
0.871906947179 11.9598562814
0.873868243382 11.8191532663
0.875801780314 11.6784502513
0.877708091944 11.5377472362
0.879587695239 11.3970442211
0.881441090919 11.256341206
0.883268764174 11.115638191
0.885071185329 10.9749351759
0.886848810488 10.8342321608
0.888602082125 10.6935291457
0.890331429659 10.5528261307
0.892037269987 10.4121231156
0.893720007994 10.2714201005
0.895380037035 10.1307170854
0.89701773939 9.99001407035
0.898633486703 9.84931105528
0.900227640387 9.7086080402
0.901800552022 9.56790502513
0.903352563724 9.42720201005
0.904884008497 9.28649899497
0.906395210575 9.1457959799
0.907886485737 9.00509296482
0.909358141619 8.86438994975
0.910810477999 8.72368693467
0.912243787082 8.5829839196
0.913658353759 8.44228090452
0.915054455865 8.30157788945
0.916432364419 8.16087487437
0.917792343855 8.0201718593
0.919134652248 7.87946884422
0.920459541518 7.73876582915
0.921767257639 7.59806281407
0.923058040832 7.45735979899
0.924332125748 7.31665678392
0.925589741651 7.17595376884
0.926831112585 7.03525075377
0.92805645754 6.89454773869
0.92926599061 6.75384472362
0.930459921144 6.61314170854
0.931638453887 6.47243869347
0.932801789127 6.33173567839
0.933950122825 6.19103266332
0.935083646742 6.05032964824
0.936202548569 5.90962663317
0.937307012039 5.76892361809
0.938397217051 5.62822060302
0.939473339772 5.48751758794
0.940535552751 5.34681457286
0.941584025015 5.20611155779
0.942618922176 5.06540854271
0.943640406521 4.92470552764
0.944648637106 4.78400251256
0.945643769845 4.64329949749
0.946625957598 4.50259648241
0.947595350253 4.36189346734
0.948552094804 4.22119045226
0.949496335433 4.08048743719
0.950428213582 3.93978442211
0.951347868027 3.79908140704
0.95225543495 3.65837839196
0.953151048003 3.51767537688
0.954034838377 3.37697236181
0.954906934867 3.23626934673
0.95576746393 3.09556633166
0.956616549748 2.95486331658
0.957454314287 2.81416030151
0.95828087735 2.67345728643
0.959096356636 2.53275427136
0.95990086779 2.39205125628
0.960694524455 2.25134824121
0.961477438325 2.11064522613
0.962249719192 1.96994221106
0.963011474992 1.82923919598
0.963762811853 1.6885361809
0.964503834141 1.54783316583
0.965234644501 1.40713015075
0.965955343902 1.26642713568
0.966666031676 1.1257241206
0.967366805563 0.985021105528
0.968057761744 0.844318090452
0.968738994886 0.703615075377
0.969410598175 0.562912060302
0.970072663354 0.422209045226
0.97072528076 0.281506030151
0.971368539358 0.140803015075
0.972002526777 0.0001
>>
0.0104238333331 0.0001
0.0107615460524 0.140803015075
0.0111073515662 0.281506030151
0.011461386128 0.422209045226
0.0118237878807 0.562912060302
0.0121946969001 0.703615075377
0.0125742552407 0.844318090452
0.0129626069829 0.985021105528
0.0133598982806 1.1257241206
0.0137662774117 1.26642713568
0.014181894829 1.40713015075
0.0146069032134 1.54783316583
0.015041457528 1.6885361809
0.0154857150748 1.82923919598
0.0159398355524 1.96994221106
0.0164039811158 2.11064522613
0.0168783164381 2.25134824121
0.0173630087744 2.39205125628
0.017858228027 2.53275427136
0.0183641468132 2.67345728643
0.0188809405359 2.81416030151
0.0194087874549 2.95486331658
0.0199478687622 3.09556633166
0.0204983686587 3.23626934673
0.0210604744341 3.37697236181
0.0216343765486 3.51767537688
0.0222202687188 3.65837839196
0.0228183480049 3.79908140704
0.0234288149021 3.93978442211
0.0240518734347 4.08048743719
0.0246877312531 4.22119045226
0.0253365997353 4.36189346734
0.0259986940907 4.50259648241
0.0266742334686 4.64329949749
0.0273634410701 4.78400251256
0.0280665442645 4.92470552764
0.0287837747095 5.06540854271
0.029515368476 5.20611155779
0.0302615661782 5.34681457286
0.0310226131075 5.48751758794
0.0317987593729 5.62822060302
0.0325902600453 5.76892361809
0.0333973753088 5.90962663317
0.0342203706174 6.05032964824
0.0350595168575 6.19103266332
0.0359150905179 6.33173567839
0.036787373866 6.47243869347
0.0376766551316 6.61314170854
0.038583228698 6.75384472362
0.039507395302 6.89454773869
0.0404494622408 7.03525075377
0.0414097435898 7.17595376884
0.0423885604282 7.31665678392
0.0433862410755 7.45735979899
0.0444031213382 7.59806281407
0.0454395447674 7.73876582915
0.0464958629286 7.87946884422
0.0475724356836 8.0201718593
0.0486696314857 8.16087487437
0.0497878276886 8.30157788945
0.0509274108704 8.44228090452
0.052088777173 8.5829839196
0.0532723326583 8.72368693467
0.054478493682 8.86438994975
0.0557076872859 9.00509296482
0.0569603516106 9.1457959799
0.0582369363295 9.28649899497
0.0595379031045 9.42720201005
0.0608637260673 9.56790502513
0.0622148923252 9.7086080402
0.0635919024949 9.84931105528
0.0649952712658 9.99001407035
0.0664255279947 10.1307170854
0.0678832173339 10.2714201005
0.0693688998952 10.4121231156
0.0708831529535 10.5528261307
0.0724265711911 10.6935291457
0.0739997674865 10.8342321608
0.075603373752 10.9749351759
0.0772380418222 11.115638191
0.0789044443988 11.256341206
0.0806032760551 11.3970442211
0.0823352543057 11.5377472362
0.0841011207462 11.6784502513
0.0859016422693 11.8191532663
0.0877376123631 11.9598562814
0.089609852499 12.1005592965
0.0915192136165 12.2412623116
0.093466577715 12.3819653266
0.0954528595594 12.5226683417
0.0974790085126 12.6633713568
0.0995460105057 12.8040743719
0.101654890158 12.9447773869
0.103806713064 13.085480402
0.106002588256 13.2261834171
0.108243670879 13.3668864322
0.110531165066 13.5075894472
0.112866327074 13.6482924623
0.11525046868 13.7889954774
0.11768496087 13.9296984925
0.120171237866 14.0704015075
0.122710801516 14.2111045226
0.125305226093 14.3518075377
0.127956163546 14.4925105528
0.130665349276 14.6332135678
0.133434608469 14.7739165829
0.13626586309 14.914619598
0.139161139595 15.0553226131
0.142122577478 15.1960256281
0.145152438748 15.3367286432
0.148253118473 15.4774316583
0.151427156542 15.6181346734
0.154677250824 15.7588376884
0.158006271927 15.8995407035
0.161417279807 16.0402437186
0.164913542527 16.1809467337
0.168498557497 16.3216497487
0.172176075646 16.4623527638
0.175950128994 16.6030557789
0.179825062269 16.743758794
0.183805569306 16.884461809
0.18789673514 17.0251648241
0.192104084939 17.1658678392
0.196433641187 17.3065708543
0.200891990887 17.4472738693
0.205486365029 17.5879768844
0.21022473319 17.7286798995
0.215115916941 17.8693829146
0.220169726876 18.0100859296
0.225397129578 18.1507889447
0.230810452964 18.2914919598
0.236423641386 18.4321949749
0.242252576135 18.5728979899
0.248315483126 18.713601005
0.25463345872 18.8543040201
0.261231158526 18.9950070352
0.268137715683 19.1357100503
0.27538798985 19.2764130653
0.283024305573 19.4171160804
0.291098937579 19.5578190955
0.29967777801 19.6985221106
0.308845956525 19.8392251256
0.318716860544 19.9799281407
0.329447473769 20.1206311558
0.341266476224 20.2613341709
0.35453115115 20.4020371859
0.369860409633 20.542740201
0.38852513466 20.6834432161
0.414240062904 20.8241462312
0.511249326555 20.8241462312
0.537039486542 20.6834432161
0.555788998788 20.542740201
0.571212422789 20.4020371859
0.584580466735 20.2613341709
0.596511869275 20.1206311558
0.607363743544 19.9799281407
0.61736460176 19.8392251256
0.626671262094 19.6985221106
0.63539694868 19.5578190955
0.643626630111 19.4171160804
0.65142603965 19.2764130653
0.65884729531 19.1357100503
0.66593256706 18.9950070352
0.672716562083 18.8543040201
0.679228263128 18.713601005
0.685492177461 18.5728979899
0.69152925513 18.4321949749
0.697357577734 18.2914919598
0.702992884215 18.1507889447
0.708448978524 18.0100859296
0.713738050093 17.8693829146
0.718870928913 17.7286798995
0.723857290848 17.5879768844
0.72870582458 17.4472738693
0.733424368606 17.3065708543
0.738020024626 17.1658678392
0.742499252116 17.0251648241
0.746867947764 16.884461809
0.751131512658 16.743758794
0.755294909434 16.6030557789
0.759362711193 16.4623527638
0.763339143565 16.3216497487
0.767228121086 16.1809467337
0.771033278783 16.0402437186
0.77475799974 15.8995407035
0.778405439224 15.7588376884
0.781978545922 15.6181346734
0.785480080661 15.4774316583
0.788912633007 15.3367286432
0.792278635991 15.1960256281
0.795580379253 15.0553226131
0.798820020778 14.914619598
0.801999597418 14.7739165829
0.805121034351 14.6332135678
0.808186153603 14.4925105528
0.811196681742 14.3518075377
0.814154256844 14.2111045226
0.817060434818 14.0704015075
0.819916695149 13.9296984925
0.822724446134 13.7889954774
0.825485029665 13.6482924623
0.828199725592 13.5075894472
0.830869755735 13.3668864322
0.833496287552 13.2261834171
0.836080437521 13.085480402
0.838623274246 12.9447773869
0.841125821327 12.8040743719
0.843589060007 12.6633713568
0.846013931623 12.5226683417
0.848401339871 12.3819653266
0.850752152909 12.2412623116
0.853067205311 12.1005592965
0.855347299883 11.9598562814
0.85759320935 11.8191532663
0.859805677931 11.6784502513
0.861985422811 11.5377472362
0.864133135507 11.3970442211
0.866249483155 11.256341206
0.868335109707 11.115638191
0.870390637057 10.9749351759
0.872416666097 10.8342321608
0.8744137777 10.6935291457
0.876382533658 10.5528261307
0.878323477551 10.4121231156
0.88023713557 10.2714201005
0.882124017291 10.1307170854
0.88398461641 9.99001407035
0.885819411427 9.84931105528
0.887628866298 9.7086080402
0.889413431051 9.56790502513
0.891173542367 9.42720201005
0.892909624126 9.28649899497
0.894622087936 9.1457959799
0.896311333617 9.00509296482
0.897977749677 8.86438994975
0.89962171375 8.72368693467
0.901243593021 8.5829839196
0.902843744626 8.44228090452
0.904422516032 8.30157788945
0.905980245397 8.16087487437
0.90751726192 8.0201718593
0.909033886164 7.87946884422
0.91053043037 7.73876582915
0.912007198758 7.59806281407
0.913464487807 7.45735979899
0.914902586529 7.31665678392
0.916321776727 7.17595376884
0.917722333243 7.03525075377
0.919104524196 6.89454773869
0.920468611203 6.75384472362
0.921814849604 6.61314170854
0.923143488659 6.47243869347
0.924454771757 6.33173567839
0.925748936596 6.19103266332
0.927026215373 6.05032964824
0.928286834954 5.90962663317
0.929531017044 5.76892361809
0.930758978348 5.62822060302
0.931970930723 5.48751758794
0.933167081329 5.34681457286
0.934347632769 5.20611155779
0.935512783229 5.06540854271
0.936662726608 4.92470552764
0.937797652645 4.78400251256
0.938917747042 4.64329949749
0.940023191581 4.50259648241
0.941114164235 4.36189346734
0.942190839283 4.22119045226
0.943253387408 4.08048743719
0.944301975804 3.93978442211
0.945336768271 3.79908140704
0.94635792531 3.65837839196
0.947365604216 3.51767537688
0.948359959164 3.37697236181
0.949341141295 3.23626934673
0.950309298797 3.09556633166
0.951264576987 2.95486331658
0.952207118386 2.81416030151
0.953137062796 2.67345728643
0.954054547368 2.53275427136
0.954959706676 2.39205125628
0.955852672781 2.25134824121
0.956733575302 2.11064522613
0.957602541473 1.96994221106
0.958459696211 1.82923919598
0.959305162168 1.6885361809
0.960139059801 1.54783316583
0.960961507415 1.40713015075
0.961772621229 1.26642713568
0.962572515423 1.1257241206
0.963361302192 0.985021105528
0.964139091797 0.844318090452
0.964905992613 0.703615075377
0.965662111178 0.562912060302
0.966407552239 0.422209045226
0.967142418798 0.281506030151
0.967866812155 0.140803015075
0.968580831956 0.0001

