>>
0.0001 125.35
0.100099 125.277260815
0.200098 125.204796244
0.300097 125.132604247
0.400096 125.060682804
0.500095 124.98902992
0.600094 124.917643619
0.700093 124.846521951
0.800092 124.775662982
0.900091 124.705064803
1.00009 124.634725525
1.100089 124.564643276
1.200088 124.494816209
1.300087 124.425242494
1.400086 124.355920321
1.500085 124.286847899
1.600084 124.218023456
1.700083 124.14944524
1.800082 124.081111516
1.900081 124.013020567
2.00008 123.945170696
2.100079 123.877560221
2.200078 123.810187479
2.300077 123.743050825
2.400076 123.676148628
2.500075 123.609479277
2.600074 123.543041176
2.700073 123.476832745
2.800072 123.41085242
2.900071 123.345098654
3.00007 123.279569915
3.100069 123.214264687
3.200068 123.149181467
3.300067 123.08431877
3.400066 123.019675124
3.500065 122.955249072
3.600064 122.891039172
3.700063 122.827043995
3.800062 122.763262127
3.900061 122.699692167
4.00006 122.63633273
4.100059 122.573182442
4.200058 122.510239942
4.300057 122.447503885
4.400056 122.384972937
4.500055 122.322645777
4.600054 122.260521097
4.700053 122.198597601
4.800052 122.136874006
4.900051 122.075349041
5.00005 122.014021447
5.100049 121.952889976
5.200048 121.891953393
5.300047 121.831210474
5.400046 121.770660008
5.500045 121.710300792
5.600044 121.650131637
5.700043 121.590151364
5.800042 121.530358804
5.900041 121.470752801
6.00004 121.411332209
6.100039 121.35209589
6.200038 121.293042719
6.300037 121.23417158
6.400036 121.175481369
6.500035 121.116970989
6.600034 121.058639356
6.700033 121.000485392
6.800032 120.942508033
6.900031 120.884706222
7.00003 120.827078911
7.100029 120.769625063
7.200028 120.712343649
7.300027 120.655233649
7.400026 120.598294052
7.500025 120.541523858
7.600024 120.484922072
7.700023 120.428487711
7.800022 120.372219799
7.900021 120.316117369
8.00002 120.260179461
8.100019 120.204405126
8.200018 120.14879342
8.300017 120.093343409
8.400016 120.038054168
8.500015 119.982924777
8.600014 119.927954327
8.700013 119.873141913
8.800012 119.818486641
8.900011 119.763987624
9.00001 119.70964398
9.100009 119.655454837
9.200008 119.60141933
9.300007 119.5475366
9.400006 119.493805796
9.500005 119.440226075
9.600004 119.386796597
9.700003 119.333516535
9.800002 119.280385064
9.900001 119.227401367
10.0 119.174564636
>>
0.0001 123.48060326
0.100099 123.405667024
0.200098 123.33101143
0.300097 123.256634421
0.400096 123.18253396
0.500095 123.108708035
0.600094 123.035154653
0.700093 122.961871845
0.800092 122.888857659
0.900091 122.816110168
1.00009 122.743627465
1.100089 122.67140766
1.200088 122.599448888
1.300087 122.527749298
1.400086 122.456307063
1.500085 122.385120374
1.600084 122.314187439
1.700083 122.243506487
1.800082 122.173075763
1.900081 122.102893533
2.00008 122.032958078
2.100079 121.963267699
2.200078 121.893820713
2.300077 121.824615454
2.400076 121.755650274
2.500075 121.68692354
2.600074 121.618433638
2.700073 121.550178967
2.800072 121.482157945
2.900071 121.414369005
3.00007 121.346810594
3.100069 121.279481176
3.200068 121.21237923
3.300067 121.145503249
3.400066 121.078851743
3.500065 121.012423234
3.600064 120.94621626
3.700063 120.880229372
3.800062 120.814461138
3.900061 120.748910136
4.00006 120.683574961
4.100059 120.618454218
4.200058 120.553546529
4.300057 120.488850526
4.400056 120.424364857
4.500055 120.36008818
4.600054 120.296019169
4.700053 120.232156506
4.800052 120.16849889
4.900051 120.10504503
5.00005 120.041793646
5.100049 119.978743472
5.200048 119.915893252
5.300047 119.853241745
5.400046 119.790787716
5.500045 119.728529946
5.600044 119.666467225
5.700043 119.604598355
5.800042 119.542922148
5.900041 119.481437429
6.00004 119.42014303
6.100039 119.359037796
6.200038 119.298120583
6.300037 119.237390255
6.400036 119.176845689
6.500035 119.116485769
6.600034 119.056309391
6.700033 118.99631546
6.800032 118.936502892
6.900031 118.87687061
7.00003 118.817417549
7.100029 118.758142652
7.200028 118.699044872
7.300027 118.64012317
7.400026 118.581376517
7.500025 118.522803894
7.600024 118.464404287
7.700023 118.406176696
7.800022 118.348120126
7.900021 118.29023359
8.00002 118.232516113
8.100019 118.174966725
8.200018 118.117584466
8.300017 118.060368383
8.400016 118.003317532
8.500015 117.946430977
8.600014 117.88970779
8.700013 117.833147049
8.800012 117.776747842
8.900011 117.720509263
9.00001 117.664430415
9.100009 117.608510407
9.200008 117.552748356
9.300007 117.497143387
9.400006 117.441694631
9.500005 117.386401227
9.600004 117.331262321
9.700003 117.276277065
9.800002 117.221444619
9.900001 117.166764149
10.0 117.112234829
>>
0.0001 121.281765966
0.100099 121.20646604
0.200098 121.131441193
0.300097 121.056689455
0.400096 120.982208878
0.500095 120.907997536
0.600094 120.834053522
0.700093 120.760374948
0.800092 120.686959947
0.900091 120.613806673
1.00009 120.540913297
1.100089 120.468278009
1.200088 120.395899018
1.300087 120.323774553
1.400086 120.251902859
1.500085 120.180282201
1.600084 120.10891086
1.700083 120.037787134
1.800082 119.966909341
1.900081 119.896275814
2.00008 119.825884902
2.100079 119.755734973
2.200078 119.685824409
2.300077 119.616151609
2.400076 119.546714989
2.500075 119.477512978
2.600074 119.408544024
2.700073 119.339806588
2.800072 119.271299145
2.900071 119.203020189
3.00007 119.134968223
3.100069 119.067141771
3.200068 118.999539365
3.300067 118.932159555
3.400066 118.865000905
3.500065 118.798061991
3.600064 118.731341403
3.700063 118.664837746
3.800062 118.598549636
3.900061 118.532475703
4.00006 118.466614591
4.100059 118.400964956
4.200058 118.335525466
4.300057 118.270294802
4.400056 118.205271657
4.500055 118.140454737
4.600054 118.075842759
4.700053 118.011434452
4.800052 117.947228558
4.900051 117.883223828
5.00005 117.819419027
5.100049 117.75581293
5.200048 117.692404324
5.300047 117.629192005
5.400046 117.566174782
5.500045 117.503351473
5.600044 117.44072091
5.700043 117.378281931
5.800042 117.316033387
5.900041 117.253974139
6.00004 117.192103058
6.100039 117.130419025
6.200038 117.06892093
6.300037 117.007607674
6.400036 116.946478168
6.500035 116.88553133
6.600034 116.82476609
6.700033 116.764181387
6.800032 116.703776169
6.900031 116.643549391
7.00003 116.583500021
7.100029 116.523627033
7.200028 116.46392941
7.300027 116.404406144
7.400026 116.345056237
7.500025 116.285878698
7.600024 116.226872545
7.700023 116.168036804
7.800022 116.109370509
7.900021 116.050872702
8.00002 115.992542435
8.100019 115.934378765
8.200018 115.87638076
8.300017 115.818547492
8.400016 115.760878044
8.500015 115.703371506
8.600014 115.646026974
8.700013 115.588843553
8.800012 115.531820353
8.900011 115.474956496
9.00001 115.418251105
9.100009 115.361703316
9.200008 115.305312268
9.300007 115.249077109
9.400006 115.192996992
9.500005 115.13707108
9.600004 115.081298539
9.700003 115.025678544
9.800002 114.970210277
9.900001 114.914892924
10.0 114.859725681
>>
0.0001 118.841691457
0.100099 118.767948586
0.200098 118.694463444
0.300097 118.621234258
0.400096 118.548259273
0.500095 118.475536753
0.600094 118.403064978
0.700093 118.330842247
0.800092 118.258866875
0.900091 118.187137194
1.00009 118.115651555
1.100089 118.044408322
1.200088 117.973405879
1.300087 117.902642622
1.400086 117.832116967
1.500085 117.761827344
1.600084 117.691772196
1.700083 117.621949986
1.800082 117.552359188
1.900081 117.482998293
2.00008 117.413865807
2.100079 117.344960248
2.200078 117.276280152
2.300077 117.207824065
2.400076 117.13959055
2.500075 117.071578184
2.600074 117.003785554
2.700073 116.936211264
2.800072 116.868853931
2.900071 116.801712183
3.00007 116.734784661
3.100069 116.668070022
3.200068 116.601566933
3.300067 116.535274072
3.400066 116.469190133
3.500065 116.403313819
3.600064 116.337643848
3.700063 116.272178946
3.800062 116.206917853
3.900061 116.141859322
4.00006 116.077002114
4.100059 116.012345004
4.200058 115.947886776
4.300057 115.883626228
4.400056 115.819562165
4.500055 115.755693405
4.600054 115.692018778
4.700053 115.628537121
4.800052 115.565247283
4.900051 115.502148125
5.00005 115.439238515
5.100049 115.376517334
5.200048 115.31398347
5.300047 115.251635822
5.400046 115.1894733
5.500045 115.127494822
5.600044 115.065699315
5.700043 115.004085716
5.800042 114.942652972
5.900041 114.881400039
6.00004 114.820325879
6.100039 114.759429467
6.200038 114.698709785
6.300037 114.638165824
6.400036 114.577796582
6.500035 114.517601068
6.600034 114.457578297
6.700033 114.397727295
6.800032 114.338047094
6.900031 114.278536734
7.00003 114.219195266
7.100029 114.160021745
7.200028 114.101015237
7.300027 114.042174813
7.400026 113.983499554
7.500025 113.924988548
7.600024 113.86664089
7.700023 113.808455682
7.800022 113.750432035
7.900021 113.692569065
8.00002 113.634865898
8.100019 113.577321665
8.200018 113.519935505
8.300017 113.462706563
8.400016 113.405633991
8.500015 113.34871695
8.600014 113.291954604
8.700013 113.235346127
8.800012 113.178890698
8.900011 113.122587503
9.00001 113.066435734
9.100009 113.010434589
9.200008 112.954583274
9.300007 112.898881001
9.400006 112.843326985
9.500005 112.787920452
9.600004 112.73266063
9.700003 112.677546756
9.800002 112.62257807
9.900001 112.567753821
10.0 112.513073261
>>
0.0001 116.238899098
0.100099 116.168467409
0.200098 116.098265537
0.300097 116.028292
0.400096 115.95854533
0.500095 115.889024071
0.600094 115.819726784
0.700093 115.750652042
0.800092 115.681798433
0.900091 115.613164557
1.00009 115.544749028
1.100089 115.476550473
1.200088 115.408567532
1.300087 115.340798857
1.400086 115.273243115
1.500085 115.205898982
1.600084 115.138765149
1.700083 115.071840318
1.800082 115.005123204
1.900081 114.938612532
2.00008 114.872307041
2.100079 114.806205479
2.200078 114.740306609
2.300077 114.6746092
2.400076 114.609112038
2.500075 114.543813916
2.600074 114.47871364
2.700073 114.413810024
2.800072 114.349101897
2.900071 114.284588094
3.00007 114.220267464
3.100069 114.156138863
3.200068 114.09220116
3.300067 114.028453232
3.400066 113.964893966
3.500065 113.901522262
3.600064 113.838337024
3.700063 113.77533717
3.800062 113.712521627
3.900061 113.649889328
4.00006 113.587439219
4.100059 113.525170254
4.200058 113.463081395
4.300057 113.401171613
4.400056 113.339439889
4.500055 113.277885213
4.600054 113.216506581
4.700053 113.155303
4.800052 113.094273484
4.900051 113.033417056
5.00005 112.972732747
5.100049 112.912219597
5.200048 112.851876653
5.300047 112.791702969
5.400046 112.731697609
5.500045 112.671859644
5.600044 112.612188151
5.700043 112.552682218
5.800042 112.493340937
5.900041 112.43416341
6.00004 112.375148745
6.100039 112.316296057
6.200038 112.25760447
6.300037 112.199073113
6.400036 112.140701123
6.500035 112.082487645
6.600034 112.024431828
6.700033 111.966532831
6.800032 111.908789817
6.900031 111.851201959
7.00003 111.793768433
7.100029 111.736488423
7.200028 111.679361121
7.300027 111.622385723
7.400026 111.565561432
7.500025 111.508887458
7.600024 111.452363017
7.700023 111.39598733
7.800022 111.339759625
7.900021 111.283679137
8.00002 111.227745105
8.100019 111.171956775
8.200018 111.116313398
8.300017 111.060814232
8.400016 111.00545854
8.500015 110.95024559
8.600014 110.895174656
8.700013 110.840245019
8.800012 110.785455962
8.900011 110.730806778
9.00001 110.676296761
9.100009 110.621925214
9.200008 110.567691442
9.300007 110.513594758
9.400006 110.459634477
9.500005 110.405809923
9.600004 110.352120422
9.700003 110.298565305
9.800002 110.245143911
9.900001 110.19185558
10.0 110.13869966
>>
0.0001 113.13
0.100099 113.065189159
0.200098 113.000565303
0.300097 112.936127377
0.400096 112.871874337
0.500095 112.807805146
0.600094 112.743918775
0.700093 112.680214207
0.800092 112.61669043
0.900091 112.553346441
1.00009 112.490181246
1.100089 112.42719386
1.200088 112.364383304
1.300087 112.301748608
1.400086 112.239288811
1.500085 112.177002957
1.600084 112.114890101
1.700083 112.052949304
1.800082 111.991179633
1.900081 111.929580166
2.00008 111.868149987
2.100079 111.806888185
2.200078 111.745793859
2.300077 111.684866114
2.400076 111.624104064
2.500075 111.563506827
2.600074 111.50307353
2.700073 111.442803306
2.800072 111.382695295
2.900071 111.322748644
3.00007 111.262962507
3.100069 111.203336044
3.200068 111.143868421
3.300067 111.084558811
3.400066 111.025406395
3.500065 110.966410357
3.600064 110.90756989
3.700063 110.848884193
3.800062 110.790352469
3.900061 110.731973929
4.00006 110.67374779
4.100059 110.615673275
4.200058 110.557749611
4.300057 110.499976032
4.400056 110.44235178
4.500055 110.384876099
4.600054 110.327548241
4.700053 110.270367463
4.800052 110.213333027
4.900051 110.156444201
5.00005 110.09970026
5.100049 110.043100481
5.200048 109.986644149
5.300047 109.930330553
5.400046 109.874158988
5.500045 109.818128755
5.600044 109.762239157
5.700043 109.706489505
5.800042 109.650879114
5.900041 109.595407305
6.00004 109.540073401
6.100039 109.484876734
6.200038 109.429816638
6.300037 109.374892452
6.400036 109.320103521
6.500035 109.265449193
6.600034 109.210928823
6.700033 109.156541768
6.800032 109.102287392
6.900031 109.048165061
7.00003 108.994174148
7.100029 108.940314029
7.200028 108.886584085
7.300027 108.8329837
7.400026 108.779512264
7.500025 108.72616917
7.600024 108.672953817
7.700023 108.619865606
7.800022 108.566903944
7.900021 108.514068241
8.00002 108.461357911
8.100019 108.408772374
8.200018 108.356311051
8.300017 108.303973368
8.400016 108.251758757
8.500015 108.199666652
8.600014 108.14769649
8.700013 108.095847713
8.800012 108.044119769
8.900011 107.992512105
9.00001 107.941024176
9.100009 107.889655437
9.200008 107.838405351
9.300007 107.787273381
9.400006 107.736258994
9.500005 107.685361663
9.600004 107.634580863
9.700003 107.583916071
9.800002 107.533366769
9.900001 107.482932444
10.0 107.432612583

