  0.000000000000000D+00  3.200000000000000D-06  6.400000000000000D-06  1.600000000000000D-05  3.200000000000001D-05
  6.400000000000001D-05  1.600000000000000D-04  3.200000000000000D-04  6.400000000000001D-04  1.600000000000000D-03
  3.200000000000000D-03  4.800000000000000D-03  8.000000000000000D-03  1.280000000000000D-02  1.920000000000000D-02
  3.200000000000000D-02  4.800000000000000D-02  8.000000000000002D-02  1.280000000000000D-01  1.920000000000000D-01
  2.560000000000000D-01  3.200000000000001D-01  4.000000000000000D-01  4.800000000000000D-01  5.599999999999999D-01
  6.400000000000001D-01  8.000000000000000D-01  9.600000000000000D-01  1.120000000000000D+00  1.280000000000000D+00
  1.440000000000000D+00  1.600000000000000D+00  1.760000000000000D+00  1.920000000000000D+00  2.080000000000000D+00
  2.240000000000000D+00  2.400000000000000D+00  2.560000000000000D+00  2.640000000000000D+00  2.720000000000000D+00
  2.800000000000000D+00  2.880000000000000D+00  2.960000000000000D+00  3.040000000000000D+00  3.104000000000000D+00
  3.168000000000000D+00  3.200000000000000D+00  3.232000000000000D+00  3.296000000000000D+00  3.360000000000000D+00
  3.440000000000000D+00  3.520000000000000D+00  3.680000000000000D+00  3.840000000000000D+00  4.160000000000000D+00
  4.480000000000000D+00  4.800000000000001D+00  5.120000000000001D+00  5.440000000000000D+00  5.760000000000001D+00
  6.080000000000000D+00  6.400000000000000D+00  7.200000000000000D+00  8.000000000000000D+00  8.800000000000001D+00
  9.600000000000001D+00  1.040000000000000D+01  1.120000000000000D+01  1.200000000000000D+01  1.280000000000000D+01
  1.440000000000000D+01  1.600000000000000D+01  1.760000000000000D+01  1.920000000000000D+01  2.080000000000000D+01
  2.240000000000000D+01  2.400000000000000D+01  2.560000000000000D+01  2.720000000000000D+01  2.880000000000000D+01
  3.040000000000000D+01  3.200000000000000D+01  3.520000000000000D+01  3.840000000000001D+01  4.160000000000000D+01
  4.800000000000000D+01  5.600000000000000D+01  6.400000000000000D+01  7.200000000000000D+01  8.000000000000000D+01
  9.600000000000000D+01  1.120000000000000D+02  1.280000000000000D+02  1.600000000000000D+02  1.920000000000000D+02
  2.240000000000000D+02  2.560000000000000D+02  2.880000000000000D+02  3.200000000000000D+02  4.000000000000000D+02
  4.800000000000000D+02  6.400000000000000D+02  9.600000000000000D+02  1.280000000000000D+03  1.920000000000000D+03
  2.560000000000000D+03  3.200000000000000D+03  6.400000000000000D+03  1.600000000000000D+04  3.200000000000000D+04
  6.400000000000000D+04
