  0.000000000000000D+00  7.253031250000001D+01  1.450606250000000D+02  2.175909375000000D+02  2.981518062000000D+02
  3.481455000000000D+02  4.061697500000001D+02  4.641940000000000D+02  5.222182500000000D+02  5.802425000000001D+02
  6.382667500000000D+02  6.962909999999999D+02  7.543152500000001D+02  8.123395000000002D+02  8.703637500000000D+02
  9.283880000000000D+02  9.864122500000001D+02  1.044436500000000D+03  1.160485000000000D+03  1.276533500000000D+03
  1.392582000000000D+03  1.566654750000000D+03  1.740727500000000D+03  1.914800250000000D+03  2.088873000000000D+03
  2.320970000000000D+03  2.611091250000000D+03  2.901212500000000D+03  3.481455000000000D+03  4.061697500000000D+03
  4.641940000000001D+03  5.222182500000000D+03  5.802425000000000D+03  6.382667500000000D+03  6.962910000000000D+03
  8.123395000000000D+03  9.283880000000001D+03  1.044436500000000D+04  1.160485000000000D+04  1.276533500000000D+04
  1.392582000000000D+04  1.566654750000000D+04  1.740727500000000D+04  1.914800250000000D+04  2.088873000000000D+04
  2.320970000000000D+04  2.611091250000000D+04  2.901212500000000D+04  3.191333750000000D+04  3.481455000000000D+04
  4.061697500000000D+04  4.641940000000000D+04  5.802425000000000D+04  7.543152500000001D+04  9.283880000000000D+04
  1.160485000000000D+05  1.450606250000000D+05  1.740727500000000D+05  2.320970000000000D+05  2.901212500000000D+05
  3.481455000000000D+05  4.641940000000000D+05  5.802425000000000D+05  9.283880000000000D+05  1.160485000000000D+06
  1.740727500000000D+06  2.901212500000000D+06  4.641940000000000D+06  6.962910000000000D+06  9.283880000000000D+06
  1.160485000000000D+07  1.740727500000000D+07  2.901212500000000D+07  6.962910000000000D+07  1.160485000000000D+08
  2.320970000000000D+08  5.802425000000000D+08  1.160485000000000D+09
