# Phase	Formula	H_0 (J/mol)	S_0 (J/K/mol)	Cp_a	Cp_b	Cp_c	Cp_d	Cp_e	Cp_f	Cp_g	Cp_h	V_0	K_0	Kprime_0	dKdT_p	d2KdT2_p	dKprimedT_p	a_0	a_1	a_2	a_3	a_4	T_max
MgO_liquid	MgO	-5.637165E+05	1.672500E+01	7.270800E+01	1.818300E-03	-1.312400E+06	-2.562700E+02	3.089900E+08	3.790740E-07	-3.808400E-11	0.000000E+00	1.141000E-05	3.530000E+10	4.810000E+00	0.000000E+00	0.000000E+00	0.000000E+00	-5.514000E-09	1.088000E-04	8.412000E-03	0.000000E+00	0.000000E+00	5.000000E+03
Al2O3_liquid	Al2O3	-1.640115E+06	6.363000E+00	1.677500E+02	4.387800E-03	-5.955100E+06	2.101800E+02	5.332000E+08	0.000000E+00	0.000000E+00	0.000000E+00	3.739200E-05	5.485000E+09	1.950000E+01	0.000000E+00	0.000000E+00	0.000000E+00	-2.145000E-09	5.482000E-05	0.000000E+00	0.000000E+00	0.000000E+00	5.000000E+03
SiO2_liquid	SiO2	-9.117462E+05	3.388700E+01	8.845500E+01	-3.001370E-03	-4.852700E+06	-1.143300E+02	7.282900E+08	7.133200E-07	5.923900E-12	0.000000E+00	2.787200E-05	5.000000E+09	1.580000E+01	0.000000E+00	0.000000E+00	0.000000E+00	-3.611000E-08	8.431000E-05	0.000000E+00	0.000000E+00	0.000000E+00	5.000000E+03
corundum	Al2O3	-1.675700E+06	5.140000E+01	1.166300E+02	1.698600E-02	-3.232300E+06	-1.041600E+02	0.000000E+00	-2.858100E-06	0.000000E+00	0.000000E+00	2.557500E-05	2.549790E+11	4.200000E+00	-3.900000E+07	0.000000E+00	0.000000E+00	-8.000000E-10	4.196000E-05	-1.140600E-02	1.062300E+00	0.000000E+00	5.000000E+03
mullite	Al6Si2O13	-6.820400E+06	2.748890E+02	6.348100E+02	0.000000E+00	-1.720990E+07	-3.373500E+03	2.122740E+09	0.000000E+00	0.000000E+00	0.000000E+00	1.346000E-04	1.683000E+11	4.000000E+00	-1.750000E+07	0.000000E+00	0.000000E+00	0.000000E+00	1.670000E-05	0.000000E+00	0.000000E+00	0.000000E+00	3.500000E+03
andalusite	Al2SiO5	-2.589972E+06	9.143400E+01	2.364800E+02	0.000000E+00	-7.526800E+06	-1.102900E+03	9.364400E+08	0.000000E+00	0.000000E+00	0.000000E+00	5.152000E-05	1.497900E+11	4.000000E+00	-3.370000E+07	0.000000E+00	4.000000E-04	3.391000E-09	4.147360E-05	-1.339050E-02	1.812900E+00	0.000000E+00	3.500000E+03
kyanite	Al2SiO5	-2.594220E+06	8.243000E+01	2.626800E+02	0.000000E+00	-1.999700E+06	-2.001400E+03	-6.318000E+07	0.000000E+00	0.000000E+00	0.000000E+00	4.415000E-05	1.490680E+11	4.000000E+00	-2.860000E+07	0.000000E+00	6.000000E-04	-2.060000E-10	5.398020E-05	-1.505280E-02	1.553000E+00	0.000000E+00	3.500000E+03
sillimanite	Al2SiO5	-2.586091E+06	9.593000E+01	2.567300E+02	0.000000E+00	-2.977400E+06	-1.887200E+03	2.509600E+08	0.000000E+00	0.000000E+00	0.000000E+00	4.986000E-05	1.538537E+11	4.000000E+00	-2.270000E+07	0.000000E+00	4.000000E-04	7.127000E-09	3.489000E-05	-1.121300E-02	1.381540E+00	0.000000E+00	3.500000E+03
alpha_quartz	SiO2	-9.106999E+05	4.146000E+01	8.001200E+01	0.000000E+00	-3.546680E+06	-2.402760E+02	4.915700E+08	0.000000E+00	0.000000E+00	0.000000E+00	2.268800E-05	3.912800E+10	6.400000E+00	-1.900000E+05	0.000000E+00	0.000000E+00	2.986800E-08	2.751300E-05	5.600000E-06	9.120000E-02	0.000000E+00	8.480000E+02
beta_quartz	SiO2	-9.086268E+05	4.420700E+01	8.001200E+01	0.000000E+00	-3.546680E+06	-2.402760E+02	4.915700E+08	0.000000E+00	0.000000E+00	0.000000E+00	2.287500E-05	5.149500E+10	5.300000E+00	-1.353000E+07	0.000000E+00	0.000000E+00	3.469400E-08	2.060360E-05	1.307000E-04	-1.637600E+00	0.000000E+00	2.650000E+03
tridymite	SiO2	-9.070450E+05	4.552400E+01	7.537000E+01	0.000000E+00	-5.958100E+06	0.000000E+00	9.582500E+08	0.000000E+00	0.000000E+00	0.000000E+00	2.737000E-05	2.631600E+10	6.000000E+00	0.000000E+00	0.000000E+00	0.000000E+00	-2.804340E-07	2.349230E-04	-1.075000E-02	1.279300E-01	0.000000E+00	1.738000E+03
beta_cristobalite	SiO2	-9.063772E+05	4.602900E+01	8.351400E+01	0.000000E+00	-2.455360E+06	-3.746930E+02	2.800700E+08	0.000000E+00	0.000000E+00	0.000000E+00	2.573900E-05	2.069600E+10	6.000000E+00	0.000000E+00	0.000000E+00	0.000000E+00	4.024800E-09	2.436160E-05	2.757390E-02	0.000000E+00	0.000000E+00	2.300000E+03
coesite	SiO2	-9.069000E+05	4.050000E+01	7.800000E+01	0.000000E+00	-3.100000E+06	0.000000E+00	5.858000E+08	0.000000E+00	0.000000E+00	-6.689000E+03	2.064000E-05	9.287900E+10	8.400000E+00	-9.100000E+06	0.000000E+00	0.000000E+00	5.000000E-09	5.430000E-06	0.000000E+00	0.000000E+00	0.000000E+00	4.210000E+03
stishovite	SiO2	-8.748650E+05	2.780900E+01	5.994500E+01	-1.396700E-02	-2.203400E+07	1.109700E+03	4.497200E+09	9.132600E-06	-1.326400E-09	0.000000E+00	1.400000E-05	2.550000E+11	6.590000E+00	-3.450000E+07	0.000000E+00	0.000000E+00	5.904000E-09	1.677700E-05	2.287200E-03	-2.151800E+00	2.370245E+02	5.000000E+03
periclase	MgO	-6.014000E+05	2.601200E+01	3.619000E+01	9.477300E-03	-2.385300E+06	2.719300E+02	2.280100E+08	-1.172400E-06	1.449500E-10	0.000000E+00	1.125000E-05	1.595039E+11	4.040000E+00	-2.969000E+07	2.048000E+03	0.000000E+00	1.183664E-08	3.013735E-05	4.490440E-03	-2.502200E+00	2.417160E+02	5.000000E+03
lp_clinoenstatite	MgSiO3	-1.545926E+06	6.632500E+01	1.399600E+02	0.000000E+00	-4.400200E+06	-4.970000E+02	5.357100E+08	0.000000E+00	0.000000E+00	0.000000E+00	3.131000E-05	1.111000E+11	6.600000E+00	-2.100000E+07	0.000000E+00	0.000000E+00	1.000000E-08	2.780000E-05	0.000000E+00	0.000000E+00	0.000000E+00	2.000000E+03
orthoenstatite	MgSiO3	-1.545552E+06	6.617000E+01	1.665800E+02	0.000000E+00	-2.270600E+06	-1.200600E+03	2.791500E+08	0.000000E+00	0.000000E+00	0.000000E+00	3.133000E-05	1.057980E+11	8.500000E+00	-2.060000E+07	0.000000E+00	1.500000E-03	1.000000E-08	2.780000E-05	0.000000E+00	0.000000E+00	0.000000E+00	5.000000E+03
protoenstatite	MgSiO3	-1.543959E+06	6.743800E+01	1.665800E+02	0.000000E+00	-2.270600E+06	-1.200600E+03	2.791500E+08	0.000000E+00	0.000000E+00	0.000000E+00	3.242000E-05	1.070160E+11	6.600000E+00	-2.000000E+07	0.000000E+00	0.000000E+00	3.000000E-09	2.660000E-05	0.000000E+00	0.000000E+00	0.000000E+00	2.000000E+03
hp_clinoenstatite	MgSiO3	-1.543550E+06	6.608900E+01	1.092500E+02	9.526000E-03	-3.847400E+06	1.798900E+02	0.000000E+00	5.365000E-07	0.000000E+00	0.000000E+00	3.100000E-05	1.097060E+11	5.860000E+00	-1.840000E+07	0.000000E+00	0.000000E+00	1.596000E-08	6.777960E-06	1.889893E-02	-6.971800E+00	8.187500E+02	5.000000E+03
akimotoite	MgSiO3	-1.496046E+06	5.401300E+01	1.125400E+02	1.229100E-02	-3.625500E+06	5.956000E+01	0.000000E+00	-3.590100E-07	0.000000E+00	0.000000E+00	2.635400E-05	2.077084E+11	4.540000E+00	-2.790000E+07	0.000000E+00	0.000000E+00	1.099700E-08	8.295646E-06	1.799057E-02	-8.079200E+00	1.019100E+03	5.000000E+03
majorite	MgSiO3	-1.503134E+06	6.850600E+01	1.837000E+02	-1.717300E-02	-9.145100E+05	-1.507300E+03	0.000000E+00	4.611400E-06	0.000000E+00	0.000000E+00	2.857300E-05	1.600962E+11	4.820000E+00	-2.370000E+07	0.000000E+00	0.000000E+00	1.361400E-08	2.423996E-06	2.356290E-02	-1.001300E+01	1.287320E+03	5.000000E+03
mg_perovskite	MgSiO3	-1.444192E+06	5.869800E+01	1.101200E+02	9.590300E-03	-3.887900E+06	1.925900E+02	0.000000E+00	9.965100E-07	0.000000E+00	0.000000E+00	2.431800E-05	2.492000E+11	4.200000E+00	-2.800000E+07	0.000000E+00	0.000000E+00	8.180000E-09	1.982000E-05	0.000000E+00	-4.740000E-01	0.000000E+00	5.000000E+03
forsterite	Mg2SiO4	-2.173000E+06	9.410000E+01	1.551300E+02	2.130700E-02	-4.406000E+06	8.753600E+01	0.000000E+00	-7.918000E-07	0.000000E+00	0.000000E+00	4.437000E-05	1.308000E+11	4.001000E+00	-1.745920E+07	0.000000E+00	0.000000E+00	1.003100E-08	2.693100E-05	5.608200E-03	-2.616200E+00	2.438280E+02	5.000000E+03
wadsleyite	Mg2SiO4	-2.139408E+06	8.730000E+01	1.613900E+02	2.227000E-02	-4.111200E+06	-8.651400E+01	0.000000E+00	-2.473100E-06	0.000000E+00	0.000000E+00	4.087000E-05	1.618000E+11	4.415000E+00	-1.179970E+07	0.000000E+00	0.000000E+00	0.000000E+00	4.640000E-05	-1.380050E-02	3.619600E+00	-3.950900E+02	5.000000E+03
ringwoodite	Mg2SiO4	-2.126979E+06	8.170000E+01	1.534600E+02	2.140500E-02	-4.749000E+06	1.270800E+02	0.000000E+00	-3.080000E-06	0.000000E+00	0.000000E+00	3.963000E-05	1.964000E+11	4.322000E+00	-1.041080E+07	0.000000E+00	0.000000E+00	0.000000E+00	3.230000E-05	-7.308400E-03	1.374500E+00	-1.504060E+02	5.000000E+03
anhydrous_B	Mg14Si5O24	-1.319540E+07	5.612000E+02	9.752700E+02	1.117700E-01	-2.710200E+07	3.522600E+02	0.000000E+00	-3.986500E-06	0.000000E+00	0.000000E+00	2.517300E-04	1.550000E+11	4.140000E+00	-1.890000E+07	0.000000E+00	0.000000E+00	8.628000E-09	2.308600E-05	8.313000E-03	-4.344500E+00	5.284650E+02	5.000000E+03
spinel	MgAl2O4	-2.300313E+06	8.453500E+01	2.359000E+02	0.000000E+00	-1.710400E+06	-1.766000E+03	4.062000E+07	0.000000E+00	0.000000E+00	0.000000E+00	3.977000E-05	2.161000E+11	4.890000E+00	-4.981000E+07	2.937000E+03	9.000000E-04	-1.080700E-09	6.969220E-05	-3.079910E-02	5.039460E+00	0.000000E+00	5.000000E+03
cordierite	Mg2Al4Si5O18	-9.158727E+06	4.179700E+02	9.543900E+02	0.000000E+00	-2.317300E+06	-7.962300E+03	-3.702100E+08	0.000000E+00	0.000000E+00	0.000000E+00	2.331100E-04	1.280000E+11	4.000000E+00	-1.530000E+07	0.000000E+00	0.000000E+00	9.118900E-09	1.141058E-07	-3.660000E-04	7.400000E-03	0.000000E+00	5.000000E+03
sapphirine_351	Mg3Al10SiO20	-1.119929E+07	3.976000E+02	7.897300E+02	6.030000E-02	-9.175100E+06	-7.821000E+02	-3.184700E+09	1.327000E-05	-5.147300E-09	0.000000E+00	2.023870E-04	1.723300E+11	4.280000E+00	-1.880000E+07	0.000000E+00	0.000000E+00	6.081700E-09	1.570900E-05	8.283600E-03	-4.355400E+00	5.472320E+02	5.000000E+03
sapphirine_442	Mg4Al8Si2O20	-1.103803E+07	4.070000E+02	7.916100E+02	6.545500E-02	-1.817500E+07	-4.816300E+02	-9.157600E+08	3.419600E-06	-2.051700E-09	0.000000E+00	2.048790E-04	1.587300E+11	4.680000E+00	-2.102000E+07	0.000000E+00	0.000000E+00	9.030200E-09	1.041100E-05	1.403400E-02	-6.446900E+00	8.142880E+02	5.000000E+03
pyrope	Mg3Al2Si3O12	-6.286548E+06	2.663590E+02	6.315000E+02	0.000000E+00	0.000000E+00	-4.462000E+03	-1.260500E+09	0.000000E+00	0.000000E+00	0.000000E+00	1.131600E-04	1.660000E+11	4.100000E+00	-2.400000E+07	0.000000E+00	0.000000E+00	2.886000E-09	2.874000E-05	0.000000E+00	-5.443000E-01	0.000000E+00	5.000000E+03
