# Expt_id	Phase	start mat	P[GPa]	T [C]	buffer 	Oxygens	Si	Si unc	Al	Al unc	Fe2	Fe2 unc	Fe3	Fe3 unc	Mo	Mo unc	Mg	Mg unc	Ca	Ca unc	Na	Na unc	Re	total		Fe total	FeO total EMPA	unc FeO totalEMPA	FeO total unc propagated	unc Fe2O3	Fe3+/Fetotal	unc Fe3+/Fetotal
Z1699	gt	KLB-1	20	1600	Re	12	3.625	0.035	0.564	0.016	0.195	0.003	0.153	0.019	0.000	0.000	3.265	0.021	0.215	0.015	0.000	0.000	0.000	8.017		0.348	6	0.1	0.39	0.36	0.44	0.06
Z1699	sp	KLB-1	20	1600	Re	4	0.999	0.005	0.006	0.000	0.150	0.002	0.000	0.000	0.000	0.000	1.843	0.004	0.001	0.000	0.000	0.000	0.000	2.998
Z1699	Re	KLB-1	20	1600	Re	2	0.000	0.000	0.000	0.000	0.000	0.000	0.000	0.000	0.000	0.000	0.000	0.000	0.000	0.000	0.000	0.000	1.000	1.000
Z1699	ReO2	KLB-1	20	1600	Re	2	0.000	0.000	0.000	0.000	0.000	0.000	0.000	0.000	0.000	0.000	0.000	0.000	0.000	0.000	0.000	0.000	1.000	1.000

H4560	gt	KLB-1	20	1800	Re	12	3.620	0.014	0.560	0.025	0.170	0.009	0.151	0.016	0.000	0.000	3.156	0.052	0.367	0.022	0.000	0.000	0.000	8.025		0.321	5.5	0.3	0.39	0.31	0.47	0.05
H4560	wad 	KLB-1	20	1800	Re	4	0.991	0.005	0.011	0.003	0.137	0.004	0.000	0.000	0.000	0.000	1.862	0.014	0.003	0.003	0.000	0.000	0.000	3.003
H4560	Re	KLB-1	20	1800	Re	2	0.000	0.000	0.000	0.000	0.000	0.000	0.000	0.000	0.000	0.000	0.000	0.000	0.000	0.000	0.000	0.000	1.000	1.000
H4560	ReO2	KLB-1	20	1800	Re	2	0.000	0.000	0.000	0.000	0.000	0.000	0.000	0.000	0.000	0.000	0.000	0.000	0.000	0.000	0.000	0.000	1.000	1.000

Z1785	gt	KLB-1	20	1800	Mo	12	3.667	0.035	0.539	0.083	0.263	0.007	0.020	0.008	0.000	0.000	3.043	0.042	0.520	0.008	0.000	0.000	0.000	8.053		0.283	4.8	0.12	0.25	0.14	0.07	0.03
Z1785	sp	KLB-1	20	1800	Mo	4	0.982	0.008	0.004	0.000	0.195	0.001	0.000	0.000	0.000	0.000	1.833	0.013	0.002	0.000	0.000	0.000	0.000	3.016
Z1785	Mo	KLB-1	20	1800	Mo	2	0.000	0.000	0.000	0.000	0.000	0.000	0.000	0.000	1.000	0.000	0.000	0.000	0.000	0.000	0.000	0.000	0.000	1.000
Z1785	MoO2	KLB-1	20	1800	Mo	2	0.000	0.000	0.000	0.000	0.000	0.000	0.000	0.000	1.000	0.000	0.000	0.000	0.000	0.000	0.000	0.000	0.000	1.000

Z1700	gt	KLB-1	17	1800	Fe	12	3.595	0.035	0.731	0.033	0.326	0.025	0.053	0.014	0.000	0.000	2.877	0.042	0.433	0.022	0.000	0.000	0.000	8.014		0.379	6.5	0.5	0.64	0.27	0.14	0.04
Z1700	wad 	KLB-1	17	1800	Fe	4	0.990	0.007	0.002	0.002	0.172	0.010	0.000	0.000	0.000	0.000	1.839	0.018	0.006	0.002	0.000	0.000	0.000	3.009
Z1700	fcc_iron	KLB-1	17	1800	Fe	1	0.000	0.000	0.000	0.000	1.000	0.000	0.000	0.000	0.000	0.000	0.000	0.000	0.000	0.000	0.000	0.000	0.000	1.000

H4321	gt	KLB-1	14	1800	Re	12	3.298	0.035	1.227	0.049	0.227	0.012	0.093	0.012	0.000	0.000	2.960	0.031	0.238	0.007	0.000	0.000	0.000	8.042		0.319	5.5	0.3	0.39	0.24	0.29	0.04
H4321	ol	KLB-1	14	1800	Re	4	0.991	0.005	0.002	0.001	0.112	0.004	0.000	0.000	0.000	0.000	1.899	0.011	0.004	0.000	0.000	0.000	0.000	3.008
# H4321	Cpx missing	KLB-1	14	1800	Re
H4321	Re	KLB-1	14	1800	Re	2	0.000	0.000	0.000	0.000	0.000	0.000	0.000	0.000	0.000	0.000	0.000	0.000	0.000	0.000	0.000	0.000	1.000	1.000
H4321	ReO2	KLB-1	14	1800	Re	2	0.000	0.000	0.000	0.000	0.000	0.000	0.000	0.000	0.000	0.000	0.000	0.000	0.000	0.000	0.000	0.000	1.000	1.000

H4556	gt	KLB-1	14	1600	Fe	12	3.574	0.036	0.738	0.025	0.379	0.026	0.062	0.016	0.000	0.000	2.494	0.212	0.778	0.076	0.000	0.000	0.000	8.026		0.441	7.4	0.5	0.67	0.30	0.14	0.04
H4556	ol	KLB-1	14	1600	Fe	4	0.993	0.024	0.031	0.009	0.168	0.020	0.000	0.000	0.000	0.000	1.784	0.072	0.016	0.008	0.000	0.000	0.000	2.992
# H4556	hpx	KLB-1	14	1600	Fe	6
H4556	fcc_iron	KLB-1	14	1600	Fe	1	0.000	0.000	0.000	0.000	1.000	0.000	0.000	0.000	0.000	0.000	0.000	0.000	0.000	0.000	0.000	0.000	0.000	1.000

E208	gt	KLB-1_ox	10	1310	Re	12	3.152	0.021	1.709	0.033	0.428	0.033	0.029	0.017	0.000	0.000	2.401	0.052	0.248	0.015	0.027	0.004	0.000	7.993		0.457	7.8	0.6	0.83	0.31	0.07	0.04
E208	opx	KLB-1_ox	10	1310	Re	6	2.008	0.014	0.010	0.002	0.137	0.006	0.000	0.000	0.000	0.000	1.814	0.051	0.015	0.001	0.007	0.002	0.000	3.991
E208	cpx	KLB-1_ox	10	1310	Re	6	2.016	0.014	0.138	0.013	0.125	0.012	0.000	0.000	0.000	0.000	1.039	0.026	0.522	0.034	0.152	0.007	0.000	3.991		0.125	0.125	0.012	0.00	0.00	0.049	0.049
E208	Re	KLB-1_ox	10	1310	Re	2	0.000	0.000	0.000	0.000	0.000	0.000	0.000	0.000	0.000	0.000	0.000	0.000	0.000	0.000	0.000	0.000	1.000	1.000
E208	ReO2	KLB-1_ox	10	1310	Re	2	0.000	0.000	0.000	0.000	0.000	0.000	0.000	0.000	0.000	0.000	0.000	0.000	0.000	0.000	0.000	0.000	1.000	1.000

E192	gt	KLB-1_ox	10.4	1310	Mo	12	3.045	0.034	1.811	0.081	0.444	0.040	0.000	0.000	0.000	0.000	2.424	0.103	0.325	0.044	0.000	0.000	0.000	8.049		0.444	7.7	0.7	0.70	0.00	0	0.03
E192	ol	KLB-1_ox	10.4	1310	Mo	4	0.994	0.002	0.000	0.000	0.114	0.020	0.000	0.000	0.000	0.000	1.899	0.018	0.000	0.000	0.000	0.000	0.000	3.006
E192	opx	KLB-1_ox	10.4	1310	Mo	6	1.985	0.010	0.012	0.004	0.105	0.009	0.000	0.000	0.000	0.000	1.893	0.020	0.015	0.004	0.000	0.000	0.000	4.009
E192	Mo	KLB-1_ox	10.4	1310	Mo	2	0.000	0.000	0.000	0.000	0.000	0.000	0.000	0.000	1.000	0.000	0.000	0.000	0.000	0.000	0.000	0.000	0.000	1.000
E192	MoO2	KLB-1_ox	10.4	1310	Mo	2	0.000	0.000	0.000	0.000	0.000	0.000	0.000	0.000	1.000	0.000	0.000	0.000	0.000	0.000	0.000	0.000	0.000	1.000

Z2114	gt	KLB-1_ox	14	1500	Fe	12	3.194	0.044	1.456	0.112	0.788	0.049	0.000	0.000	0.000	0.000	1.841	0.076	0.799	0.031	0.000	0.000	0.000	8.078		0.788	12.9	0.8	0.80	0.00	0	0.04
# Z2114	sp	KLB-1_ox	14	1500	Fe	4	0.981	0.009	0.003	0.000	1.195	0.025	0.000	0.000	0.000	0.000	0.839	0.022	0.000	0.000	0.000	0.000	0.000	3.018
Z2114	ol	KLB-1_ox	14	1500	Fe	4	0.983	0.011	0.001	0.000	0.595	0.033	0.000	0.000	0.000	0.000	1.430	0.043	0.008	0.003	0.000	0.000	0.000	3.017
Z2114	cpx	KLB-1_ox	14	1500	Fe	6	1.966	0.029	0.019	0.015	0.156	0.028	0.000	0.000	0.000	0.000	1.021	0.038	0.863	0.024	0.000	0.000	0.000	4.025		0.156	0.156	0.028	0.00	0.00	0	0
# Z2114	mw	KLB-1_ox	14	1500	Fe	1	0.000	0.000	0.000	0.000	0.938	0.014	0.000	0.000	0.000	0.000	0.062	0.012	0.000	0.000	0.000	0.000	0.000	1.000
Z2114	fcc_iron	KLB-1_ox	14	1500	Fe	1	0.000	0.000	0.000	0.000	1.000	0.000	0.000	0.000	0.000	0.000	0.000	0.000	0.000	0.000	0.000	0.000	0.000	1.000

Z1699	gt	MORB	20	1600	Re	12	3.323	0.037	1.502	0.061	0.526	0.010	0.140	0.018	0.000	0.000	1.219	0.011	0.995	0.008	0.300	0.014	0.000	8.006		0.666	10.8	0.2	0.45	0.33	0.21	0.03
Z1699	stv	MORB	20	1600	Re	2	0.988	0.009	0.012	0.002	0.002	0.000	0.000	0.000	0.000	0.000	0.001	0.000	0.001	0.000	0.003	0.004	0.000	1.008
Z1699	Re	MORB	20	1600	Re	2	0.000	0.000	0.000	0.000	0.000	0.000	0.000	0.000	0.000	0.000	0.000	0.000	0.000	0.000	0.000	0.000	1.000	1.000
Z1699	ReO2	MORB	20	1600	Re	2	0.000	0.000	0.000	0.000	0.000	0.000	0.000	0.000	0.000	0.000	0.000	0.000	0.000	0.000	0.000	0.000	1.000	1.000

H4560	gt	MORB	20	1800	Re	12	3.367	0.059	1.559	0.026	0.565	0.011	0.100	0.012	0.000	0.000	0.975	0.011	1.051	0.016	0.375	0.014	0.000	7.991		0.665	10.7	0.2	0.36	0.22	0.15	0.02
H4560	cpx	MORB	20	1800	Re	6	2.007	0.035	0.701	0.021	0.115	0.009	0.000	0.000	0.000	0.000	0.247	0.005	0.238	0.011	0.669	0.034	0.000	3.977		0.115	0.115	0.009	0.00	0.00	0.105	0.105
H4560	stv	MORB	20	1800	Re	2	0.982	0.020	0.024	0.024	0.000	0.000	0.000	0.000	0.000	0.000	0.000	0.000	0.000	0.000	0.000	0.000	0.000	1.006
H4560	Re	MORB	20	1800	Re	2	0.000	0.000	0.000	0.000	0.000	0.000	0.000	0.000	0.000	0.000	0.000	0.000	0.000	0.000	0.000	0.000	1.000	1.000
H4560	ReO2	MORB	20	1800	Re	2	0.000	0.000	0.000	0.000	0.000	0.000	0.000	0.000	0.000	0.000	0.000	0.000	0.000	0.000	0.000	0.000	1.000	1.000

# Z1785	gt	MORB	20	1800	Mo	12	3.685	0.144	1.396	0.060	0.546	0.006	0.048	0.021	0.000	0.000	0.851	0.043	0.906	0.039	0.324	0.024	0.000	7.755		0.594	9.83	0.1	0.48	0.39	0.08	0.04
Z1785	gt	MORB	20	1800	Mo	12	3.362	0.165	1.591	0.068	0.623	0.006	0.054	0.024	0.000	0.000	0.970	0.049	1.032	0.044	0.369	0.027	0.000	8.000		0.594	9.83	0.1	0.48	0.39	0.08	0.04
Z1785	stv	MORB	20	1800	Mo
Z1785	Mo	MORB	20	1800	Mo	2	0.000	0.000	0.000	0.000	0.000	0.000	0.000	0.000	1.000	0.000	0.000	0.000	0.000	0.000	0.000	0.000	0.000	1.000
Z1785	MoO2	MORB	20	1800	Mo	2	0.000	0.000	0.000	0.000	0.000	0.000	0.000	0.000	1.000	0.000	0.000	0.000	0.000	0.000	0.000	0.000	0.000	1.000

# Z1786	gt	MORB	20	1800	Fe	12	3.674	0.08	1.389	0.06	0.539	0.027	0.067	0.033	0	0	0.824	0.043	0.935	0.047	0.339	0.035	0	7.767		0.605	9.95	0.5	1	0.6	0.11	0.06
Z1786	gt	MORB	20	1800	Fe	12	3.381	0.09	1.564	0.068	0.607	0.03	0.075	0.037	0	0	0.928	0.049	1.053	0.053	0.381	0.04	0	7.99		0.605	9.95	0.5	0.996	0.6	0.11	0.06
Z1786	stv	MORB	20	1800	Fe
Z1786	fcc_iron	MORB	20	1800	Fe	1	0.000	0.000	0.000	0.000	1.000	0.000	0.000	0.000	0.000	0.000	0.000	0.000	0.000	0.000	0.000	0.000	0.000	1.000

# Z1700	gt	MORB	17	1800	Fe	12	3.689	0.072	1.372	0.051	0.587	0.053	0.018	0.005	0	0	0.852	0.054	0.93	0.07	0.337	0.098	0	7.784		0.605	10	0.9	0.95	0.1	0.03	0.01
Z1700	gt	MORB	17	1800	Fe	12	3.409	0.081	1.538	0.057	0.658	0.059	0.02	0.006	0	0	0.955	0.06	1.042	0.078	0.377	0.11	0	8		0.605	10	0.9	0.95	0.104	0.03	0.01
Z1700	stv	MORB	17	1800	Fe	6	2.973	0.000	0.035	0.000	0.000	0.000	0.000	0.000	0.000	0.000	0.000	0.000	0.000	0.000	0.000	0.000	0.000	3.009
Z1700	fcc_iron	MORB	17	1800	Fe	1	0.000	0.000	0.000	0.000	1.000	0.000	0.000	0.000	0.000	0.000	0.000	0.000	0.000	0.000	0.000	0.000	0.000	1.000

H4321	gt	MORB	14	1800	Re	12	3.084	0.022	1.804	0.017	0.595	0.033	0.178	0.023	0.000	0.000	1.246	0.121	0.975	0.055	0.085	0.006	0.000	7.967		0.773	12.5	0.7	0.82	0.41	0.23	0.03
H4321	cpx	MORB	14	1800	Re	6	1.976	0.004	0.543	0.021	0.164	0.009	0.000	0.000	0.000	0.000	0.431	0.016	0.436	0.011	0.402	0.014	0.000	3.953		0.164	0.164	0.009	0.00	0.00	0.161	0.161
H4321	stv	MORB	14	1800	Re	2	0.997	0.004	0.002	0.000	0.002	0.000	0.000	0.000	0.000	0.000	0.000	0.000	0.001	0.000	0.000	0.000	0.000	1.002
H4321	Re	MORB	14	1800	Re	2	0.000	0.000	0.000	0.000	0.000	0.000	0.000	0.000	0.000	0.000	0.000	0.000	0.000	0.000	0.000	0.000	1.000	1.000
H4321	ReO2	MORB	14	1800	Re	2	0.000	0.000	0.000	0.000	0.000	0.000	0.000	0.000	0.000	0.000	0.000	0.000	0.000	0.000	0.000	0.000	1.000	1.000

H4692	gt	MORB	14	1600	Mo	12	3.048	0.006	1.853	0.009	0.661	0.032	0.176	0.017	0.000	0.000	1.014	0.011	1.134	0.008	0.101	0.009	0.000	7.988		0.837	13.43	0.64	0.70	0.30	0.21	0.02
H4692	cpx	MORB	14	1600	Mo	6	1.960	0.002	0.539	0.004	0.144	0.004	0.000	0.000	0.000	0.000	0.437	0.001	0.469	0.003	0.444	0.005	0.000	3.992		0.144	0.144	0.004	0.00	0.00	0.147	0.147
H4692	Mo	MORB	14	1600	Mo	1	0.000	0.000	0.000	0.000	0.000	0.000	0.000	0.000	0.500	0.000	0.000	0.000	0.000	0.000	0.000	0.000	0.000	0.500
H4692	MoO2	MORB	14	1600	Mo	2	0.000	0.000	0.000	0.000	0.000	0.000	0.000	0.000	1.000	0.000	0.000	0.000	0.000	0.000	0.000	0.000	0.000	1.000

H4557	gt	MORB	14	1800	Fe	12	3.231	0.038	1.620	0.054	1.151	0.012	0.114	0.025	0.000	0.000	0.854	0.046	0.859	0.057	0.148	0.015	0.000	7.977		1.265	19.8	0.2	0.56	0.40	0.09	0.02
H4557	cpx	MORB	14	1800	Fe	6	1.951	0.058	0.528	0.034	0.221	0.042	0.000	0.000	0.000	0.000	0.425	0.005	0.468	0.012	0.385	0.049	0.000	3.978		0.221	0.221	0.042	0.00	0.00	0.063	0.063
H4557	fcc_iron	MORB	14	1800	Fe	1	0.000	0.000	0.000	0.000	1.000	0.000	0.000	0.000	0.000	0.000	0.000	0.000	0.000	0.000	0.000	0.000	0.000	1.000

E208	gt	MORB_ox	10	1310	Re	12	3.098	0.022	1.796	0.009	0.570	0.035	0.125	0.020	0.000	0.000	1.723	0.086	0.611	0.054	0.038	0.004	0.000	7.960		0.695	11.5	0.7	0.84	0.37	0.18	0.03
E208	cpx	MORB_ox	10	1310	Re	6	2.016	0.007	0.300	0.025	0.123	0.012	0.000	0.000	0.000	0.000	0.663	0.037	0.576	0.015	0.313	0.028	0.000	3.991		0.123	0.123	0.012	0.00	0.00	0.126	0.126
# E208	low degree melt (no analyses)	MORB_ox	10	1310	Re	1
E208	Re	MORB_ox	10	1310	Re	2	0.000	0.000	0.000	0.000	0.000	0.000	0.000	0.000	0.000	0.000	0.000	0.000	0.000	0.000	0.000	0.000	1.000	1.000
E208	ReO2	MORB_ox	10	1310	Re	2	0.000	0.000	0.000	0.000	0.000	0.000	0.000	0.000	0.000	0.000	0.000	0.000	0.000	0.000	0.000	0.000	1.000	1.000

E192	gt	NMORB3_ox	10.4	1310	Mo	12	3.067	0.038	1.928	0.018	0.842	0.031	0.026	0.023	0.000	0.000	1.106	0.045	0.949	0.024	0.075	0.006	0.000	7.993		0.868	13.7	0.5	0.88	0.41	0.03	0.03
E192	cpx	NMORB3_ox	10.4	1310	Mo	6	2.009	0.014	0.533	0.029	0.089	0.012	0.000	0.000	0.000	0.000	0.435	0.021	0.427	0.031	0.463	0.021	0.000	3.956		0.089	0.089	0.012	0.00	0.00	0.021	0.021
E192	stv	NMORB3_ox	10.4	1310	Mo	2	0.991	0.010	0.012	0.006	0.000	0.000	0.000	0.000	0.000	0.000	0.000	0.000	0.000	0.000	0.000	0.000	0.000	1.003
E192	Mo	NMORB3_ox	10.4	1310	Mo	2	0.000	0.000	0.000	0.000	0.000	0.000	0.000	0.000	1.000	0.000	0.000	0.000	0.000	0.000	0.000	0.000	0.000	1.000
E192	MoO2	NMORB3_ox	10.4	1310	Mo	2	0.000	0.000	0.000	0.000	0.000	0.000	0.000	0.000	1.000	0.000	0.000	0.000	0.000	0.000	0.000	0.000	0.000	1.000
# Note, TiO2 ignored for gt and cpx in E192

Z2114	gt	MORB_ox	14	1500	Fe	12	3.170	0.031	1.591	0.036	1.338	0.066	0.101	0.039	0.000	0.000	0.782	0.046	0.942	0.033	0.120	0.009	0.000	8.044		1.439	22.3	1.1	1.62	0.67	0.07	0.03
Z2114	cpx	MORB_ox	14	1500	Fe	6	1.984	0.022	0.380	0.070	0.372	0.047	0.000	0.000	0.000	0.000	0.426	0.039	0.465	0.032	0.396	0.036	0.000	4.023		0.372	0.372	0.047	0.00	0.00	0.049	0.049
# Z2114	mw	MORB_ox	14	1500	Fe	1	0.002	0.000	0.000	0.000	0.936	0.014	0.000	0.000	0.000	0.000	0.061	0.012	0.000	0.000	0.000	0.000	0.000	0.998
Z2114	fcc_iron	MORB_ox	14	1500	Fe	1	0.000	0.000	0.000	0.000	1.000	0.000	0.000	0.000	0.000	0.000	0.000	0.000	0.000	0.000	0.000	0.000	0.000	1.000

Z2107	gt	MORB_ox	20	1700	Mo	12	3.176	0.066	1.828	0.061	0.590	0.059	0.025	0.022	0.000	0.000	1.107	0.033	1.064	0.024	0.214	0.057	0.000	8.004		0.615	10	1	1.32	0.40	0.04	0.04
Z2107	cpx	MORB_ox	20	1700	Mo	6	1.828	0.000	0.811	0.000	0.141	0.000	0.000	0.000	0.000	0.000	0.379	0.000	0.350	0.000	0.514	0.000	0.000	4.023		0.141	0.141	0.000	0.00	0.00	0.028	0.028
Z2107	stv	MORB_ox	20	1700	Mo	2	0.982	0.002	0.023	0.001	0.002	0.000	0.000	0.000	0.000	0.000	0.000	0.000	0.000	0.000	0.000	0.000	0.000	1.007
# Z2107	MoPt-alloy	MORB_ox	20	1700	Mo	1	0.000	0.000	0.000	0.000	0.000	0.000	0.000	0.000	0.500	0.000	0.000	0.000	0.000	0.000	0.000	0.000	0.000	0.500
# Z2107	Silica-Mo melt (no analyses)	MORB_ox	20	1700	Mo

Z1785	gt	BFI	20	1800	Mo	12	3.684	0.035	0.547	0.066	0.430	0.050	0.023	0.007	0.000	0.000	2.987	0.115	0.331	0.038	0.057	0.011	0.000	8.060		0.453	7.7	0.9	0.97	0.16	0.05	0.02
Z1785	sp	BFI	20	1800	Mo	4	0.985	0.005	0.003	0.000	0.298	0.002	0.000	0.000	0.000	0.000	1.728	0.008	0.000	0.000	0.000	0.000	0.000	3.014
Z1785	wad 	BFI	20	1800	Mo	4	0.982	0.015	0.003	0.000	0.209	0.012	0.000	0.000	0.000	0.000	1.822	0.030	0.000	0.000	0.000	0.000	0.000	3.016
Z1785	Mo	BFI	20	1800	Mo	2	0.000	0.000	0.000	0.000	0.000	0.000	0.000	0.000	1.000	0.000	0.000	0.000	0.000	0.000	0.000	0.000	0.000	1.000
Z1785	MoO2	BFI	20	1800	Mo	2	0.000	0.000	0.000	0.000	0.000	0.000	0.000	0.000	1.000	0.000	0.000	0.000	0.000	0.000	0.000	0.000	0.000	1.000

Z1782	gt	BFI	17	1600	Mo	12	3.274	0.071	1.459	0.151	0.605	0.017	0.067	0.024	0.000	0.000	2.164	0.053	0.358	0.038	0.069	0.007	0.000	7.997		0.673	11.3	0.32	0.71	0.45	0.1	0.04
Z1782	sp	BFI	17	1600	Mo	4	1.002	0.005	0.002	0.002	0.722	0.005	0.000	0.000	0.000	0.000	1.267	0.008	0.001	0.001	0.004	0.001	0.000	2.999
Z1782	wad 	BFI	17	1600	Mo	4	1.002	0.005	0.004	0.001	0.531	0.006	0.000	0.000	0.000	0.000	1.454	0.008	0.001	0.001	0.009	0.001	0.000	3.001
Z1782	hpx	BFI	17	1600	Mo	6	2.001	0.031	0.012	0.008	0.230	0.020	0.000	0.000	0.000	0.000	1.720	0.031	0.026	0.011	0.007	0.002	0.000	3.996
Z1782	Mo	BFI	17	1600	Mo	2	0.000	0.000	0.000	0.000	0.000	0.000	0.000	0.000	1.000	0.000	0.000	0.000	0.000	0.000	0.000	0.000	0.000	1.000
Z1782	MoO2	BFI	17	1600	Mo	2	0.000	0.000	0.000	0.000	0.000	0.000	0.000	0.000	1.000	0.000	0.000	0.000	0.000	0.000	0.000	0.000	0.000	1.000

H4692	gt	BFI	14	1800	Mo	12	3.216	0.042	1.412	0.044	0.537	0.071	0.102	0.021	0.000	0.000	2.508	0.105	0.242	0.008	0.021	0.001	0.000	8.037		0.640	10.82	0.25	1.34	0.33	0.16	0.03
H4692	hpx	BFI	14	1800	Mo	6	1.971	0.014	0.015	0.001	0.238	0.017	0.000	0.000	0.000	0.000	1.793	0.021	0.005	0.000	0.000	0.000	0.000	4.022
H4692	ol	BFI	14	1800	Mo	4	0.974	0.018	0.003	0.002	0.300	0.015	0.000	0.000	0.000	0.000	1.744	0.034	0.003	0.001	0.000	0.000	0.000	3.024
H4692	cpx	BFI	14	1800	Mo	6	1.966	0.004	0.068	0.009	0.284	0.012	0.000	0.000	0.000	0.000	1.285	0.016	0.363	0.000	0.071	0.001	0.000	4.036
H4692	Mo	BFI	14	1800	Mo	2	0.000	0.000	0.000	0.000	0.000	0.000	0.000	0.000	1.000	0.000	0.000	0.000	0.000	0.000	0.000	0.000	0.000	1.000
H4692	MoO2	BFI	14	1800	Mo	2	0.000	0.000	0.000	0.000	0.000	0.000	0.000	0.000	1.000	0.000	0.000	0.000	0.000	0.000	0.000	0.000	0.000	1.000
