900 58.43 2 42.8 1 2.3992 3 3.8632 10 19.258 0.007
700 58.18 5 43.2 3 2.3971 3 3.8544 8 19.180 0.006
500 58.14 3 42.1 2 2.3961 3 3.8487 7 19.136 0.005
302 57.99 4 41.9 2 2.3947 3 3.8440 8 19.090 0.006
1100 57.73 4 48.7 3 2.3892 3 3.8498 8 19.032 0.006
900 57.65 3 48.0 2 2.3880 2 3.8420 3 18.973 0.003
700 57.54 4 47.5 3 2.3863 2 3.8358 6 18.917 0.004
500 57.46 3 46.8 2 2.3853 2 3.8301 6 18.872 0.004
303 57.33 4 46.5 3 2.3841 2 3.8270 7 18.838 0.005
1100 56.47 4 57.8 3 2.3717 3 3.8188 9 18.602 0.006
900 56.44 3 56.8 3 2.3706 2 3.8118 5 18.552 0.004
700 56.35 4 56.3 3 2.3690 2 3.8057 5 18.497 0.003
500 56.31 2 55.4 2 2.3682 3 3.8018 8 18.465 0.006
303 56.18 4 55.3 3 2.3672 3 3.7986 8 18.434 0.005
1100 56.32 2 59.1 1 2.3693 2 3.8144 4 18.543 0.004
900 56.22 3 58.6 3 2.3678 2 3.8066 7 18.483 0.005
700 56.12 3 58.1 2 2.3667 2 3.8010 7 18.438 0.005
500 56.08 3 57.2 3 2.3658 2 3.7953 4 18.397 0.004
303 55.99 3 56.8 3 2.3646 1 3.7929 3 18.366 0.002
1100 55.56 2 65.3 2 2.3581 3 3.7947 9 18.274 0.006
900 55.46 3 64.9 2 2.3562 3 3.7877 8 18.210 0.006
700 55.37 3 64.4 3 2.3549 3 3.7815 9 18.161 0.006
500 55.28 3 64.0 3 2.3547 2 3.7758 3 18.131 0.003
304 55.25 3 63.1 3 2.3535 1 3.7713 3 18.090 0.003
900 62.36 3 22.3 2 2.4542 4 3.9747 12 20.733 0.009
700 62.17 1 21.7 1 2.4501 5 3.9611 16 20.592 0.012
500 62.09 4 20.7 2 2.4487 3 3.9503 11 20.513 0.007
304 61.98 4 19.8 2 2.4461 3 3.9433 12 20.433 0.009
1100 60.89 9 30.4 5 2.4400 3 3.9474 9 20.353 0.006
900 60.89 4 29.0 2 2.4351 3 3.9327 11 20.196 0.008
500 60.62 6 27.7 3 2.4297 4 3.9128 12 20.004 0.009
302 60.55 4 26.7 2 2.4277 3 3.9058 6 19.935 0.005
1300 59.45 2 39.3 1 2.4172 14 3.9174 47 19.822 0.033
1100 59.35 1 38.6 1 2.4180 9 3.9105 15 19.800 0.017
306 59.05 4 35.2 2 2.4103 3 3.8713 13 19.477 0.008
1300 58.17 2 47.1 1 2.4014 8 3.8861 42 19.408 0.025
1500 58.08 3 49.0 2 2.3996 1 3.8872 2 19.383 0.002
304 61.37 4 22.7 3 2.4426 2 3.9307 4 20.311 0.004
304 59.91 2 30.2 1 2.4234 2 3.8936 4 19.803 0.004
304 58.95 3 35.8 3 2.4090 2 3.8681 4 19.439 0.004
304 58.16 3 40.8 4 2.3980 2 3.8482 5 19.163 0.004
304 57.10 3 48.2 3 2.3825 2 3.8232 4 18.794 0.003
304 56.31 3 54.2 3 2.3712 2 3.8024 4 18.516 0.004
304 55.70 3 59.2 3 2.3624 1 3.7886 3 18.311 0.003
304 55.31 3 62.6 3 2.3561 1 3.7780 2 18.163 0.002
304 55.00 2 65.4 2 2.3511 2 3.7695 3 18.045 0.003
305 54.36 2 71.4 2 2.3417 2 3.7530 4 17.822 0.004
1100 54.31 2 76.5 2 2.3426 1 3.7693 2 17.914 0.002
900 54.26 1 75.8 1 2.3403 2 3.7608 3 17.838 0.003
700 54.24 3 74.8 3 2.3384 2 3.7543 6 17.779 0.004
500 54.12 4 74.8 4 2.3374 2 3.7475 3 17.731 0.003
304 54.05 5 74.4 5 2.3368 2 3.7440 3 17.705 0.003
1100 53.67 4 82.9 4 2.3320 2 3.7505 5 17.663 0.004
900 53.60 2 82.4 2 2.3301 2 3.7418 4 17.593 0.003
700 53.57 1 81.6 1 2.3283 2 3.7365 7 17.541 0.004
500 53.49 3 81.3 3 2.3276 2 3.7305 3 17.503 0.003
305 53.34 3 81.8 4 2.3260 2 3.7268 4 17.462 0.004
1300 59.66 3 38.2 2 2.4197 2 3.9162 4 19.858 0.004
1500 59.05 3 42.9 2 2.4135 2 3.9116 4 19.732 0.004
1300 58.90 3 42.5 2 2.4099 3 3.8999 6 19.616 0.005
1500 58.21 2 48.1 1 2.4031 2 3.8925 5 19.467 0.004
1500 57.29 1 54.3 1 2.3896 4 3.8689 11 19.133 0.008
1500 56.88 2 57.3 2 2.3839 4 3.8591 14 18.992 0.009
1700 56.88 1 58.5 1 2.3859 4 3.8678 14 19.067 0.010
1500 55.86 2 65.2 2 2.3668 1 3.8265 3 18.564 0.002
1700 55.83 3 66.6 2 2.3693 3 3.8373 9 18.655 0.007
1500 55.61 2 67.3 2 2.3629 2 3.8180 3 18.460 0.003
1700 55.54 2 69.0 2 2.3634 3 3.8284 6 18.519 0.006
1850 55.54 2 69.9 2 2.3642 3 3.8335 9 18.557 0.006
900 61.43 4 26.4 2 2.4441 3 3.9393 10 20.379 0.008
700 61.34 1 25.5 1 2.4385 3 3.9266 10 20.220 0.007
500 61.21 1 24.8 1 2.4356 4 3.9193 12 20.134 0.009
301 61.11 3 23.9 2 2.4336 3 3.9144 9 20.078 0.007
1100 60.23 2 33.7 1 2.4271 3 3.9182 8 19.988 0.006
900 60.08 1 33.2 1 2.4221 3 3.9054 8 19.841 0.006
700 59.97 1 32.5 1 2.4199 1 3.8972 4 19.763 0.003
500 59.86 2 31.7 1 2.4174 2 3.8910 6 19.691 0.004
303 59.77 2 31.0 1 2.4155 2 3.8860 7 19.635 0.005
1300 59.50 2 39.0 1 2.4172 3 3.9081 11 19.775 0.007
1100 59.34 2 38.6 1 2.4126 3 3.8941 11 19.630 0.007
900 59.23 1 37.9 1 2.4103 3 3.8853 8 19.547 0.006
700 59.17 3 37.0 2 2.4072 4 3.8777 13 19.460 0.009
500 59.03 1 36.5 1 2.4057 3 3.8719 10 19.406 0.007
303 58.94 2 35.8 1 2.4042 3 3.8669 9 19.357 0.006
1500 58.93 2 43.7 1 2.4100 2 3.9047 5 19.640 0.004
1300 58.78 1 43.2 1 2.4062 2 3.8898 8 19.503 0.005
1100 58.67 1 42.6 1 2.4031 3 3.8794 10 19.402 0.006
900 58.56 2 42.0 1 2.4008 3 3.8706 11 19.320 0.007
700 58.50 1 41.1 1 2.3992 2 3.8633 8 19.259 0.005
500 58.39 1 40.5 1 2.3973 3 3.8577 12 19.199 0.008
304 58.34 2 39.6 1 2.3959 2 3.8530 4 19.153 0.004
1500 58.02 2 49.3 2 2.3982 2 3.8804 5 19.327 0.004
1300 57.88 3 49.0 2 2.3937 2 3.8670 6 19.189 0.004
1100 57.76 2 48.5 1 2.3913 2 3.8569 3 19.100 0.003
900 57.69 2 47.8 1 2.3891 3 3.8493 8 19.027 0.006
700 57.63 2 46.9 1 2.3875 2 3.8430 7 18.971 0.005
500 57.53 2 46.3 1 2.3860 2 3.8374 7 18.919 0.005
304 57.44 2 45.7 2 2.3845 3 3.8336 9 18.877 0.007
1500 57.39 2 53.6 2 2.3891 2 3.8641 5 19.101 0.004
1300 57.27 2 53.2 2 2.3849 2 3.8515 6 18.972 0.004
1100 57.16 2 52.7 2 2.3823 3 3.8416 9 18.882 0.006
900 57.07 2 52.1 2 2.3804 3 3.8339 10 18.813 0.007
700 57.01 2 51.3 1 2.3790 4 3.8277 13 18.761 0.009
500 56.93 2 50.6 1 2.3776 3 3.8230 9 18.717 0.007
306 56.85 2 50.0 2 2.3763 2 3.8188 7 18.674 0.005
1700 57.10 3 56.9 2 2.3861 4 3.8660 12 19.062 0.008
1500 56.98 3 56.5 2 2.3842 2 3.8562 5 18.984 0.004
1300 56.90 2 55.8 2 2.3815 2 3.8443 6 18.882 0.004
1100 56.82 2 55.2 2 2.3792 2 3.8352 7 18.801 0.005
900 56.75 2 54.5 2 2.3776 2 3.8266 6 18.733 0.005
700 56.66 2 53.9 2 2.3757 2 3.8202 7 18.672 0.005
500 56.59 2 53.2 2 2.3747 2 3.8148 3 18.630 0.003
305 56.49 2 52.8 2 2.3732 2 3.8122 4 18.594 0.004
1700 56.57 4 60.9 3 2.3790 2 3.8527 7 18.884 0.005
1500 56.39 2 60.9 2 2.3758 2 3.8405 7 18.773 0.005
1300 56.28 3 60.6 3 2.3731 2 3.8284 7 18.672 0.005
1100 56.22 2 59.8 2 2.3707 2 3.8206 6 18.596 0.004
900 56.13 3 59.3 3 2.3693 16 3.8128 5 18.536 0.004
700 56.09 1 58.4 1 2.3678 2 3.8063 5 18.481 0.003
500 56.02 2 57.8 2 2.3664 2 3.8008 7 18.432 0.004
306 55.95 1 57.2 1 2.3651 2 3.7975 5 18.397 0.004
1700 55.61 2 68.5 2 2.3655 3 3.8295 10 18.557 0.007
1500 55.51 1 68.1 1 2.3616 3 3.8147 9 18.424 0.007
1300 55.41 2 67.7 2 2.3590 2 3.8052 6 18.338 0.004
1100 55.34 1 67.1 1 2.3573 4 3.7936 12 18.256 0.008
900 55.25 2 66.6 1 2.3555 2 3.7894 7 18.208 0.005
700 55.18 2 66.1 2 2.3543 3 3.7809 4 18.150 0.004
500 55.13 2 65.4 2 2.3531 2 3.7786 4 18.119 0.004
305 55.05 2 64.9 2 2.3516 2 3.7752 9 18.079 0.006
1700 54.80 1 75.5 1 2.3523 3 3.8059 10 18.238 0.007
1500 54.72 0 75.0 1 2.3493 2 3.7915 6 18.123 0.004
1300 54.64 1 74.6 1 2.3463 3 3.7823 9 18.032 0.007
1100 54.56 1 74.1 1 2.3444 2 3.7733 9 17.960 0.005
900 54.50 1 73.6 1 2.3428 2 3.7670 7 17.906 0.004
700 54.43 1 73.0 1 2.3412 2 3.7615 6 17.854 0.004
500 54.35 1 72.6 1 2.3401 2 3.7566 6 17.815 0.004
306 54.29 2 72.1 2 2.3393 2 3.7518 4 17.781 0.003
1900 55.18 1 73.3 1 2.3616 3 3.8288 9 18.492 0.006
900 61.61 2 25.6 1 2.4465 5 3.9463 14 20.455 0.011
700 61.45 2 25.0 1 2.4410 4 3.9326 13 20.293 0.010
500 61.27 2 24.4 1 2.4380 4 3.9243 12 20.200 0.009
300 61.13 2 23.8 1 2.4356 4 3.9182 13 20.128 0.010
1100 60.39 1 32.9 0 2.4299 2 3.9256 7 20.072 0.005
900 60.23 2 32.4 1 2.4256 2 3.9104 6 19.924 0.005
700 60.06 1 31.9 1 2.4224 2 3.9007 6 19.823 0.005
500 59.95 1 31.3 1 2.4201 3 3.8938 8 19.749 0.006
301 59.80 1 30.8 1 2.4184 3 3.8884 8 19.695 0.006
1300 59.58 1 38.6 1 2.4199 3 3.9141 9 19.850 0.006
1100 59.41 1 38.2 1 2.4150 4 3.8994 11 19.695 0.008
900 59.26 2 37.8 1 2.4119 3 3.8897 10 19.595 0.007
700 59.16 2 37.1 1 2.4094 2 3.8809 7 19.512 0.005
500 59.03 1 36.5 1 2.4074 3 3.8745 9 19.446 0.006
301 58.92 1 35.9 1 2.4059 2 3.8690 6 19.395 0.004
1500 58.93 2 43.7 1 2.4133 3 3.9095 9 19.719 0.006
1300 58.77 2 43.3 1 2.4082 3 3.8947 8 19.561 0.006
1100 58.63 2 42.9 1 2.4054 2 3.8827 5 19.455 0.004
900 58.53 2 42.2 1 2.4029 2 3.8727 7 19.364 0.005
700 58.43 1 41.5 1 2.4009 2 3.8650 7 19.294 0.005
500 58.32 1 41.0 1 2.3990 2 3.8590 6 19.233 0.004
305 58.19 2 40.6 1 2.3977 2 3.8541 5 19.189 0.004
1500 58.04 2 49.2 1 2.4002 2 3.8864 7 19.390 0.005
1300 57.89 2 48.9 1 2.3950 2 3.8702 7 19.225 0.005
1100 57.78 1 48.4 1 2.3928 7 3.8595 2 19.137 0.002
900 57.67 2 47.9 1 2.3906 3 3.8503 8 19.057 0.006
700 57.59 1 47.1 1 2.3886 3 3.8434 9 18.990 0.006
500 57.49 2 46.6 1 2.3871 2 3.8374 7 18.937 0.005
305 57.40 2 46.0 1 2.3861 2 3.8330 7 18.899 0.005
1700 57.51 1 54.1 1 2.3941 1 3.8803 2 19.260 0.002
1500 57.37 2 53.7 2 2.3906 2 3.8699 7 19.154 0.005
1300 57.25 2 53.3 2 2.3875 2 3.8577 7 19.044 0.005
1100 57.18 1 52.6 1 2.3854 2 3.8472 6 18.958 0.004
900 57.07 2 52.1 2 2.3833 2 3.8384 6 18.881 0.004
700 57.00 1 51.4 1 2.3814 2 3.8315 6 18.817 0.004
500 56.89 2 50.9 1 2.3795 2 3.8268 7 18.764 0.005
304 56.79 2 50.5 2 2.3785 3 3.8223 8 18.727 0.006
1700 56.52 3 61.2 2 2.3793 3 3.8556 10 18.903 0.007
1500 56.45 2 60.5 1 2.3754 3 3.8414 9 18.771 0.006
1300 56.32 2 60.3 2 2.3726 3 3.8311 8 18.677 0.005
1100 56.22 2 59.8 2 2.3707 2 3.8213 5 18.599 0.004
900 56.14 2 59.2 2 2.3688 2 3.8130 7 18.529 0.005
700 56.05 2 58.7 2 2.3672 3 3.8059 9 18.469 0.006
500 55.97 2 58.1 1 2.3659 2 3.8005 6 18.424 0.005
304 55.88 2 57.7 1 2.3651 2 3.7962 6 18.390 0.004
1700 55.78 2 67.0 2 2.3684 2 3.8344 6 18.627 0.004
1500 55.68 2 66.6 1 2.3636 2 3.8201 7 18.482 0.005
1300 55.57 2 66.4 2 2.3610 2 3.8097 5 18.391 0.003
1100 55.48 2 65.9 1 2.3592 1 3.7999 4 18.316 0.003
900 55.41 2 65.3 1 2.3575 1 3.7920 4 18.252 0.003
700 55.32 2 64.8 2 2.3558 2 3.7858 4 18.196 0.003
500 55.25 1 64.3 1 2.3545 2 3.7813 5 18.154 0.004
304 55.17 2 63.8 2 2.3536 2 3.7777 7 18.122 0.005
1700 54.99 1 73.8 1 2.3544 2 3.8093 5 18.287 0.004
1500 54.89 1 73.5 1 2.3513 2 3.7971 5 18.180 0.003
1300 54.80 2 73.1 2 2.3486 2 3.7880 7 18.094 0.005
1100 54.74 1 72.5 1 2.3472 1 3.7788 4 18.030 0.003
900 54.65 1 72.1 1 2.3455 2 3.7710 5 17.966 0.004
700 54.57 1 71.6 1 2.3438 1 3.7654 4 17.914 0.003
500 54.50 1 71.2 1 2.3425 2 3.7599 5 17.867 0.003
305 54.42 1 70.8 1 2.3412 2 3.7569 5 17.834 0.003
1700 54.27 2 80.5 2 2.3439 2 3.7907 5 18.036 0.004
1500 54.19 1 80.0 1 2.3399 2 3.7769 5 17.909 0.003
1300 54.09 2 79.9 2 2.3374 2 3.7678 4 17.828 0.003
1100 54.00 1 79.6 1 2.3361 1 3.7586 4 17.764 0.003
900 53.94 2 79.0 2 2.3342 2 3.7523 5 17.705 0.003
700 53.86 2 78.6 2 2.3327 2 3.7462 6 17.654 0.004
500 53.80 2 78.1 2 2.3315 2 3.7417 6 17.615 0.004
305 53.72 2 77.8 2 2.3306 2 3.7377 6 17.582 0.004
