# Expt	Chamber	P (GPa)	T (K)	Phase	Fe	Fe err	Al	Al err	Si	Si err	Mg	Mg err	cation total
H1554	A	18	1673.15	gt	0.42	0.03	1.94	0.04	3	0.01	2.66	0.04	8.02
H1554	A	18	1673.15	ring	1.2	0.03	0.05	0.05	2.98	0.01	4.75	0.09	8.98
H1554	A	18	1673.15	mw	3.87	0.1	0.035	0.01	0.049	0.01	7.978	0.1	11.932
H1554	B	18	1673.15	gt	0.76	0.05	1.8	0.1	3.08	0.08	2.41	0.07	8.05
H1554	B	18	1673.15	ring	2.05	0.07	0.03	0.02	2.9	0.02	4.1	0.3	9.08
H1554	B	18	1673.15	mw	6.97	0.1	0	0	0	0	5.031	0.1	12.001
H1554	E	18	1673.15	gt	1.28	0.04	1.85	0.06	3.02	0.02	1.89	0.05	8.04
H1554	E	18	1673.15	ring	3.1	0.08	0.04	0.06	2.98	0.02	2.87	0.06	8.99
													
H1555	B	15	1673.15	gt	0.79	0.02	1.9	0.1	3.04	0.05	2.29	0.07	8.02
H1555	B	15	1673.15	ring	2.13	0.07	0.02	0.01	2.99	0.01	3.85	0.07	8.99
H1555	B	15	1673.15	mw	7.03	0.01	0.03	0.01	0.047	0.001	4.836	0.008	11.943
H1555	E	15	1673.15	gt	1.34	0.05	1.89	0.06	3.03	0.02	1.78	0.03	8.04
H1555	E	15	1673.15	ring	3.44	0.05	0.03	0.06	3	0.01	2.51	0.04	8.98
H1555	G	15	1673.15	gt	2.01	0.06	1.9	0.05	3.01	0.02	1.12	0.02	8.04
H1555	G	15	1673.15	ring	4.74	0.02	0.01	0.06	3	0.01	1.23	0.02	8.98
													
H1556	A	15	1673.15	gt	0.47	0.03	1.96	0.02	2.96	0.01	2.68	0.03	8.07
H1556	A	15	1673.15	wad	0.9	0.02	0.06	0.08	2.9	0.02	5.21	0.04	9.07
H1556	B	15	1673.15	gt	0.71	0.03	1.87	0.06	2.98	0.02	2.52	0.07	8.08
H1556	B	15	1673.15	wad	1.28	0.09	0.04	0.06	2.906	0.006	4.84	0.07	9.066
H1556	E	15	1673.15	gt	1.99	0.03	1.92	0.05	2.98	0.02	1.15	0.03	8.04
H1556	E	15	1673.15	ring	4.75	0.07	0	0	2.96	0.01	1.3	0.1	9.01
H1556	G	15	1673.15	gt	1.29	0.05	1.87	0.08	2.99	0.03	1.91	0.05	8.06
H1556	G	15	1673.15	ring	3.44	0.06	0.03	0.03	2.94	0.01	2.62	0.15	9.03
													
V170	A	19	1673.15	gt	0.38	0.02	1.99	0.02	3	0.02	2.63	0.02	8
V170	A	19	1673.15	ring	1.02	0.02	0.019	0.007	2.97	0.01	5.01	0.009	9.019
V170	AB	19	1673.15	gt	0.31	0.03	1.97	0.02	3.02	0.01	2.69	0.03	7.99
V170	AB	19	1673.15	ring	0.92	0.05	0.02	0.01	2.98	0.09	5.09	0.09	9.01
V170	AC	19	1673.15	gt	0.38	0.03	1.89	0.04	3.04	0.02	2.7	0.01	8.01
V170	AC	19	1673.15	ring	1.03	0.04	0.018	0.005	2.961	0.007	5.02	0.03	9.029
V170	B	19	1673.15	gt	0.73	0.03	1.86	0.08	3.07	0.04	2.33	0.04	7.99
V170	B	19	1673.15	ring	1.99	0.03	0.02	0.01	3.02	0.01	3.95	0.02	8.98
V170	F	19	1673.15	gt	1.53	0.1	1.378	0.1	3.21	0.1	1.98	0.1	8.098
V170	F	19	1673.15	ring	3.49	0.1	0	0	3.013	0.1	2.466	0.1	8.969
V170	G	19	1673.15	gt	1.97	0.03	1.9	0.06	3.04	0.02	1.1	0.02	8.01
V170	G	19	1673.15	ring	4.71	0.02	0.008	0.002	3.02	0.01	1.25	0.01	8.988
V170	E	19	1673.15	gt	1.31	0.05	1.91	0.02	3.03	0.01	1.76	0.02	8.01
V170	E	19	1673.15	ring	3.4	0.6	0.02	0.05	3	0.02	2.6	0.2	9.02
													
H1582	A	18	1673.15	gt	0.41	0.05	1.91	0.04	2.98	0.02	2.75	0.04	8.05
H1582	A	18	1673.15	ring	1.09	0.05	0.03	0.02	2.92	0.03	5.04	0.05	9.08
H1582	B	18	1673.15	gt	0.76	0.06	1.8	0.3	3	0.2	2.5	0.1	8.06
H1582	B	18	1673.15	ring	2.07	0.02	0.03	0.03	2.94	0.02	4	0.05	9.04
H1582	E	18	1673.15	gt	1.494	0.1	1.51	0.1	3.16	0.1	1.918	0.1	8.082
H1582	E	18	1673.15	ring	3.58	0.03	0	0	2.95	0.08	2.51	0.02	9.04
H1582	F	18	1673.15	gt	1.27	0.05	1.91	0.05	2.985	0.009	1.88	0.08	8.045
H1582	F	18	1673.15	ring	3.37	0.02	0.004	0.006	2.93	0.02	2.75	0.04	9.054
													
V171	A	18	1773.15	gt	0.38	0.01	1.91	0.06	3.04	0.04	2.67	0.02	8
V171	A	18	1773.15	ring	1.05	0.01	0.029	0.008	2.98	0.03	4.95	0.05	9.009
V171	A	18	1773.15	wad	0.72	0.04	0.046	0.006	2.98	0.01	5.24	0.01	8.986
V171	A	18	1773.15	mw	3	0.05	0.04	0.01	0.06	0.07	8.8	0.1	11.9
													
S2773	E	9.5	1673.15	gt	1.6	0.44	1.9	0.1	2.97	0.07	1.57	0.06	8.04
S2773	E	9.5	1673.15	ol	2.58	0.07	0.02	0.05	2.96	0.01	3.46	0.09	9.02
S2773	B	9.5	1673.15	gt	0.89	0.05	1.9	0.1	3	0.05	2.24	0.06	8.03
S2773	B	9.5	1673.15	ol	1.32	0.09	0.009	0.008	2.97	0.09	4.72	0.09	9.019
S2773	F	9.5	1673.15	gt	1.3	0.1	1.8	0.2	3.03	0.02	1.9	0.2	8.03
S2773	F	9.5	1673.15	ol	1.9	0.2	0.003	0.003	2.9	0.3	4.1	0.4	8.903
S2773	G	9.5	1673.15	gt	1.9	0.1	2	0.3	2.9	0.2	1.09	0.08	7.89
S2773	G	9.5	1673.15	ring	4.92	0.1	0	0	2.949	0.1	1.184	0.1	9.053
S2773	A	9.5	1673.15	gt	0.92	0.04	1.87	0.1	3.02	0.05	2.22	0.06	8.03
S2773	A	9.5	1673.15	ol	1.31	0.08	0.011	0.003	2.973	0.008	4.72	0.09	9.014
													
V175	A	14	1673.15	gt	0.45	0.04	1.98	0.02	2.97	0.02	2.62	0.04	8.02
V175	A	14	1673.15	wad	0.86	0.02	0.059	0.002	2.95	0.01	5.14	0.02	9.009
V175	D	14	1673.15	gt	0.87	0.05	1.9	0.1	2.96	0.06	2.39	0.09	8.12
V175	D	14	1673.15	ring	2.26	0.05	0.03	0.06	2.94	0.01	3.8	0.06	9.03
V175	B	14	1673.15	gt	0.86	0.07	1.9	0.1	3	0.04	2.3	0.09	8.06
V175	B	14	1673.15	ring	2.23	0.04	0.009	0.003	2.98	0.01	3.79	0.03	9.009
V175	H	14	1673.15	gt	2.27	0.04	1.93	0.01	2.99	0.01	0.83	0.01	8.02
V175	H	14	1673.15	ring	5.08	0.03	0.008	0.002	2.99	0.01	0.93	0.01	9.008
V175	G	14	1673.15	gt	1.95	0.02	1.957	0.009	3	0.1	1.12	0.02	8.027
V175	G	14	1673.15	ring	4.8	0.07	0.008	0.002	2.99	0.03	1.217	0.009	9.015
V175	F	14	1673.15	gt	1.33	0.07	1.95	0.01	2.92	0.02	1.88	0.05	8.08
V175	F	14	1673.15	ring	3.55	0.03	0.014	0.001	2.91	0.01	2.6	0.02	9.074
													
V179	D	18	1673.15	gt	0.79	0.05	1.84	0.08	3.02	0.04	2.41	0.05	8.06
V179	D	18	1673.15	ring	2.02	0.03	0.1	0.1	2.98	0.03	3.9	0.1	9
V179	B	18	1673.15	gt	0.68	0.03	1.9	0.05	3.01	0.02	2.44	0.03	8.03
V179	B	18	1673.15	ring	1.8	0.03	0.024	0.009	2.98	0.02	4.18	0.02	8.984
V179	A	18	1673.15	gt	0.38	0.02	1.95	0.17	2.99	0.06	2.69	0.02	8.01
V179	A	18	1673.15	ring	1.01	0.04	0.031	0.002	2.99	0.02	4.95	0.04	8.981
# All samples in equilibrium with metallic iron (fcc_iron)