>>
0.0001 125.243428175
0.100099 125.170240729
0.200098 125.097330248
0.300097 125.024694668
0.400096 124.952331947
0.500095 124.880240069
0.600094 124.808417036
0.700093 124.736860874
0.800092 124.66556963
0.900091 124.594541374
1.00009 124.523774195
1.100089 124.453266202
1.200088 124.383015528
1.300087 124.313020321
1.400086 124.243278753
1.500085 124.173789014
1.600084 124.104549312
1.700083 124.035557877
1.800082 123.966812954
1.900081 123.89831281
2.00008 123.830055727
2.100079 123.762040007
2.200078 123.694263968
2.300077 123.626725949
2.400076 123.559424301
2.500075 123.492357396
2.600074 123.425523621
2.700073 123.35892138
2.800072 123.292549093
2.900071 123.226405196
3.00007 123.160488141
3.100069 123.094796396
3.200068 123.029328444
3.300067 122.964082783
3.400066 122.899057926
3.500065 122.834252401
3.600064 122.769664752
3.700063 122.705293535
3.800062 122.641137321
3.900061 122.577194695
4.00006 122.513464258
4.100059 122.449944622
4.200058 122.386634413
4.300057 122.323532271
4.400056 122.26063685
4.500055 122.197946814
4.600054 122.135460842
4.700053 122.073177626
4.800052 122.011095871
4.900051 121.949214291
5.00005 121.887531615
5.100049 121.826046585
5.200048 121.764757951
5.300047 121.703664479
5.400046 121.642764943
5.500045 121.582058131
5.600044 121.521542841
5.700043 121.461217883
5.800042 121.401082077
5.900041 121.341134254
6.00004 121.281373257
6.100039 121.221797939
6.200038 121.162407163
6.300037 121.103199802
6.400036 121.044174741
6.500035 120.985330873
6.600034 120.926667102
6.700033 120.868182343
6.800032 120.809875519
6.900031 120.751745562
7.00003 120.693791417
7.100029 120.636012035
7.200028 120.578406378
7.300027 120.520973416
7.400026 120.46371213
7.500025 120.406621508
7.600024 120.349700547
7.700023 120.292948254
7.800022 120.236363644
7.900021 120.179945742
8.00002 120.123693578
8.100019 120.067606194
8.200018 120.011682638
8.300017 119.955921967
8.400016 119.900323246
8.500015 119.844885548
8.600014 119.789607955
8.700013 119.734489554
8.800012 119.679529443
8.900011 119.624726725
9.00001 119.570080513
9.100009 119.515589925
9.200008 119.461254087
9.300007 119.407072135
9.400006 119.353043208
9.500005 119.299166455
9.600004 119.245441031
9.700003 119.191866099
9.800002 119.138440827
9.900001 119.085164392
10.0 119.032035976
>>
0.0001 123.160416268
0.100099 123.074023271
0.200098 122.988718066
0.300097 122.904435001
0.400096 122.821115635
0.500095 122.738707646
0.600094 122.657163944
0.700093 122.576441941
0.800092 122.496502955
0.900091 122.417311707
1.00009 122.3388359
1.100089 122.261045868
1.200088 122.183914275
1.300087 122.107415852
1.400086 122.031527179
1.500085 121.956226493
1.600084 121.881493521
1.700083 121.807309335
1.800082 121.733656224
1.900081 121.660517581
2.00008 121.587877808
2.100079 121.515722224
2.200078 121.444036989
2.300077 121.372809035
2.400076 121.302026003
2.500075 121.231676188
2.600074 121.161748488
2.700073 121.09223236
2.800072 121.023117778
2.900071 120.954395195
3.00007 120.886055513
3.100069 120.818090048
3.200068 120.750490507
3.300067 120.683248958
3.400066 120.616357808
3.500065 120.549809783
3.600064 120.483597908
3.700063 120.417715486
3.800062 120.352156088
3.900061 120.286913528
4.00006 120.221981858
4.100059 120.157355349
4.200058 120.093028482
4.300057 120.028995935
4.400056 119.965252572
4.500055 119.901793435
4.600054 119.838613734
4.700053 119.775708838
4.800052 119.713074267
4.900051 119.650705688
5.00005 119.588598901
5.100049 119.526749838
5.200048 119.465154558
5.300047 119.403809235
5.400046 119.342710159
5.500045 119.281853728
5.600044 119.221236441
5.700043 119.1608549
5.800042 119.100705798
5.900041 119.040785922
6.00004 118.981092144
6.100039 118.92162142
6.200038 118.862370785
6.300037 118.803337354
6.400036 118.744518313
6.500035 118.685910918
6.600034 118.627512498
6.700033 118.569320442
6.800032 118.511332206
6.900031 118.453545307
7.00003 118.395957317
7.100029 118.338565868
7.200028 118.281368646
7.300027 118.224363388
7.400026 118.167547884
7.500025 118.110919971
7.600024 118.054477535
7.700023 117.998218507
7.800022 117.942140862
7.900021 117.886242619
8.00002 117.830521837
8.100019 117.774976616
8.200018 117.719605094
8.300017 117.664405448
8.400016 117.609375892
8.500015 117.554514671
8.600014 117.49982007
8.700013 117.445290404
8.800012 117.390924021
8.900011 117.336719299
9.00001 117.282674649
9.100009 117.22878851
9.200008 117.17505935
9.300007 117.121485664
9.400006 117.068065976
9.500005 117.014798834
9.600004 116.961682813
9.700003 116.908716514
9.800002 116.85589856
9.900001 116.803227599
10.0 116.750702302
>>
0.0001 120.859403106
0.100099 120.766688145
0.200098 120.675480405
0.300097 120.58568092
0.400096 120.497201708
0.500095 120.409964108
0.600094 120.323897423
0.700093 120.23893781
0.800092 120.155027371
0.900091 120.072113382
1.00009 119.990147662
1.100089 119.909086026
1.200088 119.828887827
1.300087 119.749515565
1.400086 119.670934546
1.500085 119.593112594
1.600084 119.51601979
1.700083 119.439628259
1.800082 119.363911969
1.900081 119.288846565
2.00008 119.214409214
2.100079 119.140578477
2.200078 119.067334186
2.300077 118.99465734
2.400076 118.922530008
2.500075 118.85093525
2.600074 118.779857033
2.700073 118.709280168
2.800072 118.639190245
2.900071 118.569573578
3.00007 118.500417154
3.100069 118.431708584
3.200068 118.363436063
3.300067 118.295588332
3.400066 118.228154641
3.500065 118.161124714
3.600064 118.094488725
3.700063 118.028237266
3.800062 117.962361324
3.900061 117.896852254
4.00006 117.831701765
4.100059 117.766901889
4.200058 117.702444975
4.300057 117.638323661
4.400056 117.574530865
4.500055 117.511059765
4.600054 117.447903792
4.700053 117.38505661
4.800052 117.322512107
4.900051 117.260264385
5.00005 117.198307748
5.100049 117.136636692
5.200048 117.075245896
5.300047 117.014130214
5.400046 116.953284665
5.500045 116.892704429
5.600044 116.832384835
5.700043 116.772321359
5.800042 116.712509615
5.900041 116.652945346
6.00004 116.593624427
6.100039 116.53454285
6.200038 116.475696725
6.300037 116.417082273
6.400036 116.358695822
6.500035 116.300533802
6.600034 116.242592743
6.700033 116.184869268
6.800032 116.127360091
6.900031 116.070062014
7.00003 116.012971923
7.100029 115.956086785
7.200028 115.899403644
7.300027 115.842919621
7.400026 115.786631906
7.500025 115.730537764
7.600024 115.674634521
7.700023 115.618919574
7.800022 115.563390377
7.900021 115.50804445
8.00002 115.452879366
8.100019 115.39789276
8.200018 115.343082316
8.300017 115.288445776
8.400016 115.233980929
8.500015 115.179685615
8.600014 115.125557724
8.700013 115.071595188
8.800012 115.017795987
8.900011 114.964158144
9.00001 114.910679723
9.100009 114.857358831
9.200008 114.804193611
9.300007 114.751182249
9.400006 114.698322964
9.500005 114.645614014
9.600004 114.593053691
9.700003 114.540640323
9.800002 114.488372267
9.900001 114.436247916
10.0 114.384265694
>>
0.0001 118.437577869
0.100099 118.345980071
0.200098 118.255883184
0.300097 118.167187898
0.400096 118.079805945
0.500095 117.993658418
0.600094 117.908674412
0.700093 117.824789912
0.800092 117.741946871
0.900091 117.660092444
1.00009 117.579178346
1.100089 117.49916031
1.200088 117.41999762
1.300087 117.341652723
1.400086 117.264090882
1.500085 117.18727989
1.600084 117.111189808
1.700083 117.035792746
1.800082 116.961062667
1.900081 116.886975217
2.00008 116.813507572
2.100079 116.740638304
2.200078 116.668347262
2.300077 116.596615466
2.400076 116.525425013
2.500075 116.454758989
2.600074 116.384601395
2.700073 116.314937075
2.800072 116.245751657
2.900071 116.177031495
3.00007 116.108763614
3.100069 116.040935672
3.200068 115.973535906
3.300067 115.906553104
3.400066 115.839976561
3.500065 115.773796053
3.600064 115.7080018
3.700063 115.642584445
3.800062 115.577535026
3.900061 115.51284495
4.00006 115.448505975
4.100059 115.38451019
4.200058 115.320849993
4.300057 115.257518077
4.400056 115.194507413
4.500055 115.131811233
4.600054 115.06942302
4.700053 115.007336494
4.800052 114.945545596
4.900051 114.884044482
5.00005 114.822827509
5.100049 114.761889228
5.200048 114.701224371
5.300047 114.640827846
5.400046 114.580694727
5.500045 114.520820245
5.600044 114.461199785
5.700043 114.401828873
5.800042 114.342703176
5.900041 114.283818492
6.00004 114.225170746
6.100039 114.166755983
6.200038 114.108570364
6.300037 114.050610163
6.400036 113.992871758
6.500035 113.935351631
6.600034 113.87804636
6.700033 113.82095262
6.800032 113.764067175
6.900031 113.707386876
7.00003 113.650908658
7.100029 113.594629537
7.200028 113.538546606
7.300027 113.482657033
7.400026 113.426958058
7.500025 113.371446991
7.600024 113.316121206
7.700023 113.260978146
7.800022 113.206015313
7.900021 113.15123027
8.00002 113.096620639
8.100019 113.042184097
8.200018 112.987918376
8.300017 112.933821259
8.400016 112.879890582
8.500015 112.826124228
8.600014 112.772520128
8.700013 112.71907626
8.800012 112.665790645
8.900011 112.612661348
9.00001 112.559686476
9.100009 112.506864175
9.200008 112.454192633
9.300007 112.401670073
9.400006 112.349294757
9.500005 112.297064982
9.600004 112.24497908
9.700003 112.193035417
9.800002 112.141232391
9.900001 112.089568433
10.0 112.038042003
>>
0.0001 115.965050215
0.100099 115.881489468
0.200098 115.79902582
0.300097 115.717590426
0.400096 115.637122056
0.500095 115.55756594
0.600094 115.47887283
0.700093 115.40099823
0.800092 115.323901763
0.900091 115.247546641
1.00009 115.171899226
1.100089 115.096928651
1.200088 115.022606501
1.300087 114.948906545
1.400086 114.875804498
1.500085 114.80327782
1.600084 114.731305539
1.700083 114.659868099
1.800082 114.588947223
1.900081 114.518525799
2.00008 114.448587771
2.100079 114.37911805
2.200078 114.310102428
2.300077 114.241527509
2.400076 114.17338064
2.500075 114.105649855
2.600074 114.038323819
2.700073 113.971391784
2.800072 113.904843541
2.900071 113.838669386
3.00007 113.772860081
3.100069 113.707406825
3.200068 113.642301221
3.300067 113.577535251
3.400066 113.513101252
3.500065 113.448991892
3.600064 113.38520015
3.700063 113.321719297
3.800062 113.25854288
3.900061 113.195664701
4.00006 113.133078809
4.100059 113.07077948
4.200058 113.008761206
4.300057 112.947018687
4.400056 112.885546813
4.500055 112.824340659
4.600054 112.763395474
4.700053 112.702706672
4.800052 112.642269821
4.900051 112.582080642
5.00005 112.522134993
5.100049 112.462428869
5.200048 112.402958393
5.300047 112.343719809
5.400046 112.284709478
5.500045 112.225923874
5.600044 112.167359573
5.700043 112.109013256
5.800042 112.0508817
5.900041 111.992961775
6.00004 111.935250439
6.100039 111.877744736
6.200038 111.820441792
6.300037 111.76333881
6.400036 111.70643307
6.500035 111.649721922
6.600034 111.593202786
6.700033 111.53687315
6.800032 111.480730565
6.900031 111.424772643
7.00003 111.368997056
7.100029 111.313401534
7.200028 111.257983861
7.300027 111.202741874
7.400026 111.147673461
7.500025 111.09277656
7.600024 111.038049157
7.700023 110.983489284
7.800022 110.929095015
7.900021 110.874864469
8.00002 110.820795808
8.100019 110.76688723
8.200018 110.713136976
8.300017 110.659543323
8.400016 110.606104582
8.500015 110.552819103
8.600014 110.499685267
8.700013 110.44670149
8.800012 110.39386622
8.900011 110.341177935
9.00001 110.288635144
9.100009 110.236236384
9.200008 110.183980221
9.300007 110.13186525
9.400006 110.07989009
9.500005 110.028053388
9.600004 109.976353816
9.700003 109.924790069
9.800002 109.873360868
9.900001 109.822064956
10.0 109.770901098
>>
0.0001 113.123585987
0.100099 113.056534846
0.200098 112.989697655
0.300097 112.923073077
0.400096 112.856659786
0.500095 112.790456469
0.600094 112.724461825
0.700093 112.658674564
0.800092 112.593093411
0.900091 112.527717099
1.00009 112.462544375
1.100089 112.397573995
1.200088 112.332804729
1.300087 112.268235357
1.400086 112.20386467
1.500085 112.139691468
1.600084 112.075714566
1.700083 112.011932786
1.800082 111.948344961
1.900081 111.884949937
2.00008 111.821746566
2.100079 111.758733713
2.200078 111.695910254
2.300077 111.633275071
2.400076 111.570827059
2.500075 111.508565122
2.600074 111.446488173
2.700073 111.384595135
2.800072 111.32288494
2.900071 111.261356528
3.00007 111.200008851
3.100069 111.138840867
3.200068 111.077851546
3.300067 111.017039864
3.400066 110.956404806
3.500065 110.895945368
3.600064 110.835660552
3.700063 110.77554937
3.800062 110.715610841
3.900061 110.655843993
4.00006 110.596247862
4.100059 110.536821492
4.200058 110.477563936
4.300057 110.418474253
4.400056 110.359551511
4.500055 110.300794786
4.600054 110.24220316
4.700053 110.183775724
4.800052 110.125511575
4.900051 110.067409821
5.00005 110.009469572
5.100049 109.951689949
5.200048 109.894070079
5.300047 109.836609096
5.400046 109.779306141
5.500045 109.722160361
5.600044 109.665170913
5.700043 109.608336957
5.800042 109.551657662
5.900041 109.495132201
6.00004 109.438759758
6.100039 109.38253952
6.200038 109.32647068
6.300037 109.27055244
6.400036 109.214784007
6.500035 109.159164593
6.600034 109.103693418
6.700033 109.048369707
6.800032 108.993192692
6.900031 108.93816161
7.00003 108.883275705
7.100029 108.828534225
7.200028 108.773936424
7.300027 108.719481565
7.400026 108.665168913
7.500025 108.610997739
7.600024 108.556967321
7.700023 108.503076943
7.800022 108.449325892
7.900021 108.395713462
8.00002 108.342238952
8.100019 108.288901667
8.200018 108.235700915
8.300017 108.182636012
8.400016 108.129706277
8.500015 108.076911035
8.600014 108.024249617
8.700013 107.971721356
8.800012 107.919325593
8.900011 107.867061673
9.00001 107.814928944
9.100009 107.762926761
9.200008 107.711054483
9.300007 107.659311473
9.400006 107.607697101
9.500005 107.556210738
9.600004 107.504851762
9.700003 107.453619555
9.800002 107.402513504
9.900001 107.351532999
10.0 107.300677436

