# Pressures (GPa) Temperatures (K)
1.000000000000000048e-04 1.022053586110343076e+03
1.041118550233894657e+00 1.002936615522346074e+03
2.082137100467789104e+00 9.833205270636630075e+02
3.123155650701684216e+00 9.631321652414934533e+02
4.164174200935578440e+00 9.424155184126468612e+02
5.205192751169472665e+00 9.212423196896385207e+02
6.246211301403367777e+00 8.996876550260654994e+02
7.287229851637262001e+00 8.778217817009043529e+02
8.328248401871157114e+00 8.557073635876552089e+02
9.369266952105050450e+00 8.333988052489522715e+02
1.041028550233894556e+01 8.109424523923577226e+02
