# Run_no Chamber P_(GPa) T_(K)	phase	Fe	Feerr	Al	Alerr	Si	Sierr	Mg	Mgerr	Cations	r=Fe/(Fe+Mg)							
V189	F	13	1673.15	ol	0.247	0.006	0.000	0.001	0.991	0.003	1.771	0.004	3.009	0.1224	0.0026
V189	F	13	1673.15	mw	0.440	0.005	0.002	0.001	0.000	0.001	0.556	0.005	0.996	0.4418	0.0036
V189	E	13	1673.15	ol	0.157	0.001	0.000	0.001	0.994	0.001	1.854	0.003	3.005	0.0781	0.0005
V189	E	13	1673.15	mw	0.263	0.003	0.002	0.001	0.000	0.000	0.733	0.003	0.997	0.2641	0.0024
V189	G	13	1673.15	ol	0.170	0.005	0.001	0.001	1.000	0.016	1.829	0.029	2.999	0.0850	0.0026
V189	G	13	1673.15	mw	0.284	0.004	0.002	0.001	0.001	0.001	0.711	0.003	0.997	0.2854	0.0030
V189	A	13	1673.15	ol	0.105	0.002	0.000	0.001	0.996	0.002	1.903	0.003	3.004	0.0523	0.0009
V189	A	13	1673.15	mw	0.153	0.002	0.002	0.001	0.001	0.001	0.842	0.002	0.996	0.1538	0.0017
V189	A	13	1673.15	anB	0.980	0.090	0.100	0.060	5.000	0.200	12.600	0.200	18.880	0.0722	0.0062
V189	C	13	1673.15	ol	0.135	0.003	0.001	0.001	0.996	0.002	1.870	0.004	3.002	0.0673	0.0014
V189	C	13	1673.15	mw	0.213	0.003	0.002	0.001	0.002	0.004	0.781	0.007	0.995	0.2143	0.0028
V189	B	13	1673.15	ol	0.116	0.001	0.001	0.001	0.993	0.002	1.896	0.005	3.006	0.0577	0.0005
V189	B	13	1673.15	mw	0.168	0.001	0.001	0.001	0.001	0.001	0.830	0.001	0.998	0.1683	0.0009
V189	B	13	1673.15	anB	1.020	0.050	0.110	0.020	4.900	0.100	13.100	0.200	19.100	0.0722	0.0034
V189	D	13	1673.15	ol	0.200	0.005	0.001	0.001	0.998	0.005	1.803	0.013	3.001	0.0999	0.0023
V189	D	13	1673.15	mw	0.375	0.006	0.004	0.001	0.002	0.001	0.615	0.007	0.992	0.3788	0.0046
															
V191	G	14.5	1673.15	wad	0.247	0.006	0.000	0.000	1.001	0.005	1.750	0.011	2.999	0.1237	0.0027
V191	G	14.5	1673.15	mw	0.264	0.002	0.000	0.000	0.002	0.001	0.731	0.003	0.998	0.2653	0.0017
V191	F	14.5	1673.15	wad	0.377	0.008	0.000	0.000	0.999	0.006	1.625	0.008	3.001	0.1883	0.0033
V191	F	14.5	1673.15	mw	0.419	0.005	0.000	0.000	0.004	0.003	0.573	0.005	0.996	0.4224	0.0036
V191	E	14.5	1673.15	wad	0.229	0.006	0.000	0.000	1.001	0.003	1.769	0.006	2.999	0.1146	0.0027
V191	E	14.5	1673.15	mw	0.239	0.002	0.000	0.000	0.002	0.002	0.756	0.003	0.998	0.2402	0.0017
# V191	D	14.5	1673.15	wad	0.294	0.008	0.000	0.000	0.995	0.003	1.716	0.006	3.005	0.1463	0.0034 # clear outliers
# V191	D	14.5	1673.15	mw	0.367	0.006	0.000	0.000	0.001	0.001	0.630	0.006	0.999	0.3681	0.0044 # clear outliers
V191	C	14.5	1673.15	wad	0.188	0.007	0.000	0.000	1.000	0.003	1.812	0.007	3.000	0.0940	0.0000
V191	C	14.5	1673.15	mw	0.192	0.003	0.000	0.000	0.000	0.001	0.807	0.003	1.000	0.1922	0.0025
V191	A	14.5	1673.15	wad	0.145	0.003	0.000	0.000	1.003	0.004	1.850	0.007	2.997	0.0727	0.0014
V191	A	14.5	1673.15	mw	0.142	0.003	0.000	0.000	0.001	0.001	0.856	0.004	0.999	0.1423	0.0026
V191	B	14.5	1673.15	wad	0.160	0.008	0.000	0.000	1.000	0.006	1.840	0.010	3.000	0.0800	0.0037
V191	B	14.5	1673.15	mw	0.161	0.002	0.000	0.000	0.001	0.001	0.838	0.002	0.999	0.1612	0.0017
															
V192	E	9	1673.15	ol	0.179	0.009	0.001	0.001	0.993	0.004	1.833	0.007	3.006	0.0890	0.0041
V192	E	9	1673.15	mw	0.266	0.005	0.009	0.001	0.001	0.001	0.718	0.007	0.994	0.2703	0.0042
V192	F	9	1673.15	ol	0.288	0.003	0.002	0.001	0.990	0.003	1.728	0.005	3.009	0.1429	0.0013
V192	F	9	1673.15	mw	0.467	0.003	0.011	0.001	0.001	0.001	0.514	0.003	0.993	0.4760	0.0022
V192	G	9	1673.15	ol	0.183	0.005	0.002	0.001	0.993	0.001	1.829	0.005	3.007	0.0910	0.0023
V192	G	9	1673.15	mw	0.283	0.003	0.007	0.001	0.001	0.001	0.705	0.003	0.995	0.2864	0.0023
V192	D	9	1673.15	ol	0.210	0.003	0.003	0.001	0.997	0.003	1.792	0.006	3.002	0.1049	0.0014
V192	D	9	1673.15	mw	0.402	0.003	0.016	0.001	0.004	0.001	0.566	0.002	0.988	0.4153	0.0020
V192	C	9	1673.15	ol	0.146	0.007	0.002	0.001	0.991	0.004	1.869	0.007	3.008	0.0725	0.0032
V192	C	9	1673.15	mw	0.212	0.002	0.006	0.001	0.001	0.001	0.778	0.002	0.996	0.2141	0.0016
V192	A	9	1673.15	ol	0.104	0.004	0.002	0.001	0.999	0.003	1.896	0.006	3.000	0.0520	0.0019
V192	A	9	1673.15	mw	0.148	0.002	0.006	0.001	0.001	0.001	0.841	0.003	0.996	0.1496	0.0018
V192	B	9	1673.15	ol	0.142	0.004	0.001	0.001	0.993	0.002	1.870	0.005	3.006	0.0706	0.0019
V192	B	9	1673.15	mw	0.176	0.004	0.004	0.001	0.006	0.005	0.810	0.010	0.992	0.1785	0.0038
															
V200	A	6	1673.15	ol	0.111	0.007	0.002	0.001	0.992	0.003	1.896	0.009	3.007	0.0553	0.0033
V200	A	6	1673.15	mw	0.150	0.002	0.008	0.001	0.001	0.001	0.835	0.002	0.995	0.1523	0.0017
V200	C	6	1673.15	ol	0.153	0.005	0.002	0.001	0.991	0.004	1.857	0.006	3.008	0.0761	0.0023
V200	C	6	1673.15	mw	0.229	0.003	0.009	0.001	0.001	0.001	0.754	0.003	0.994	0.2330	0.0024
V200	F	6	1673.15	ol	0.242	0.008	0.003	0.001	0.991	0.007	1.769	0.007	3.008	0.1203	0.0035
V200	F	6	1673.15	mw	0.436	0.003	0.015	0.001	0.003	0.001	0.536	0.003	0.990	0.4486	0.0022
V200	Ga	6	1673.15	ol	0.196	0.004	0.003	0.001	0.984	0.006	1.820	0.015	3.014	0.0972	0.0019
V200	Ga	6	1673.15	mw	0.296	0.007	0.011	0.001	0.010	0.010	0.670	0.013	0.989	0.3064	0.0065
V200	C2	6	1673.15	ol	0.332	0.013	0.003	0.001	0.978	0.005	1.703	0.008	3.020	0.1631	0.0054
V200	C2	6	1673.15	mw	0.515	0.003	0.012	0.002	0.003	0.001	0.461	0.002	0.991	0.5277	0.0018
V200	E	6	1673.15	ol	0.190	0.013	0.002	0.001	0.984	0.007	1.830	0.030	3.014	0.0941	0.0060
V200	E	6	1673.15	mw	0.279	0.002	0.011	0.001	0.002	0.001	0.700	0.005	0.993	0.2850	0.0021
V200	B	6	1673.15	ol	0.139	0.008	0.003	0.001	0.978	0.007	1.896	0.008	3.021	0.0683	0.0037
V200	B	6	1673.15	mw	0.180	0.002	0.010	0.001	0.001	0.001	0.802	0.001	0.994	0.1833	0.0017
V200	Gb	6	1673.15	ol	0.188	0.004	0.001	0.001	0.988	0.002	1.825	0.005	3.011	0.0934	0.0018
V200	Gb	6	1673.15	mw	0.305	0.003	0.008	0.001	0.002	0.004	0.680	0.006	0.994	0.3096	0.0028
V200	F2	6	1673.15	ol	0.800	0.004	0.002	0.001	0.987	0.003	1.222	0.004	3.012	0.3956	0.0014
V200	F2	6	1673.15	mw	0.851	0.002	0.005	0.001	0.002	0.001	0.137	0.002	0.995	0.8613	0.0018
V200	G2	6	1673.15	ol	0.904	0.009	0.002	0.001	0.988	0.003	1.116	0.008	3.011	0.4475	0.0030
V200	G2	6	1673.15	mw	0.875	0.003	0.005	0.001	0.003	0.001	0.113	0.002	0.995	0.8856	0.0018
V200	H2	6	1673.15	ol	1.341	0.009	0.003	0.004	0.991	0.009	0.674	0.008	3.008	0.6655	0.0030
V200	H2	6	1673.15	mw	0.941	0.001	0.003	0.001	0.003	0.001	0.048	0.001	0.995	0.9515	0.0010
V200	D2	6	1673.15	ol	0.498	0.006	0.004	0.001	0.987	0.002	1.522	0.003	3.011	0.2465	0.0023
V200	D2	6	1673.15	mw	0.694	0.001	0.013	0.001	0.002	0.001	0.282	0.001	0.991	0.7111	0.0008
V200	E2	6	1673.15	ol	0.579	0.003	0.004	0.001	0.984	0.002	1.447	0.006	3.014	0.2858	0.0014
V200	E2	6	1673.15	mw	0.748	0.004	0.011	0.001	0.002	0.001	0.231	0.003	0.992	0.7640	0.0025
V200	Gc	6	1673.15	ol	0.197	0.004	0.003	0.001	0.984	0.004	1.824	0.007	3.015	0.0975	0.0018
V200	Gc	6	1673.15	mw	0.304	0.002	0.011	0.001	0.002	0.001	0.676	0.003	0.993	0.3102	0.0017
V200	D	6	1673.15	ol	0.239	0.001	0.003	0.001	0.986	0.001	1.783	0.001	3.012	0.1182	0.0004
V200	D	6	1673.15	mw	0.390	0.001	0.013	0.001	0.001	0.001	0.589	0.001	0.993	0.3984	0.0007
															
V208	E2	11	1673.15	ol	0.593	0.005	0.001	0.001	0.993	0.003	1.420	0.010	3.006	0.2946	0.0023
V208	E2	11	1673.15	ring	1.150	0.010	0.004	0.001	0.990	0.005	0.861	0.007	3.008	0.5719	0.0029
V208	E2	11	1673.15	mw	0.798	0.002	0.002	0.003	0.002	0.001	0.195	0.003	0.997	0.8036	0.0025
V208	AC	11	1673.15	ol	0.033	0.002	0.001	0.001	1.002	0.003	1.962	0.006	2.998	0.0165	0.0010
V208	AC	11	1673.15	mw	0.035	0.003	0.001	0.001	0.002	0.003	0.960	0.005	0.998	0.0352	0.0029
V208	C	11	1673.15	ol	0.127	0.007	0.001	0.001	0.997	0.002	1.878	0.008	3.003	0.0633	0.0033
V208	C	11	1673.15	mw	0.211	0.001	0.002	0.001	0.002	0.001	0.783	0.002	0.997	0.2123	0.0009
V208	A	11	1673.15	ol	0.102	0.003	0.001	0.001	0.997	0.002	1.904	0.004	3.003	0.0508	0.0014
V208	A	11	1673.15	mw	0.150	0.002	0.002	0.001	0.001	0.001	0.843	0.002	0.998	0.1511	0.0017
V208	E	11	1673.15	ol	0.160	0.010	0.001	0.001	1.000	0.020	1.830	0.030	2.996	0.0804	0.0048
V208	E	11	1673.15	mw	0.264	0.002	0.002	0.001	0.003	0.001	0.727	0.003	0.996	0.2664	0.0017
V208	B	11	1673.15	ol	0.127	0.005	0.001	0.001	0.997	0.004	1.880	0.010	3.002	0.0633	0.0024
V208	B	11	1673.15	mw	0.170	0.005	0.002	0.001	0.006	0.001	0.810	0.020	0.993	0.1735	0.0055
V208	D	11	1673.15	ol	0.227	0.004	0.001	0.001	0.998	0.007	1.770	0.020	3.001	0.1137	0.0021
V208	D	11	1673.15	mw	0.423	0.004	0.004	0.001	0.003	0.001	0.566	0.004	0.995	0.4277	0.0029
V208	F	11	1673.15	ol	0.260	0.007	0.001	0.001	0.996	0.006	1.740	0.010	3.003	0.1300	0.0031
V208	F	11	1673.15	mw	0.462	0.003	0.003	0.001	0.005	0.005	0.523	0.006	0.994	0.4690	0.0033
V208	C2	11	1673.15	ol	0.410	0.020	0.000	0.001	0.994	0.003	1.600	0.010	3.006	0.2040	0.0080
V208	C2	11	1673.15	mw	0.690	0.010	0.002	0.001	0.005	0.007	0.300	0.007	0.994	0.6970	0.0058
V208	G	11	1673.15	ol	0.170	0.010	0.002	0.003	0.995	0.002	1.834	0.004	3.004	0.0848	0.0046
V208	G	11	1673.15	mw	0.285	0.002	0.002	0.001	0.002	0.001	0.708	0.004	0.997	0.2870	0.0018
V208	B2	11	1673.15	ol	0.200	0.010	0.000	0.001	0.995	0.002	1.807	0.008	3.004	0.0997	0.0045
V208	B2	11	1673.15	mw	0.380	0.004	0.002	0.001	0.004	0.003	0.611	0.004	0.996	0.3835	0.0029
V208	D2	11	1673.15	ol	0.500	0.020	0.000	0.001	0.982	0.002	1.530	0.020	3.018	0.2463	0.0078
V208	D2	11	1673.15	mw	0.756	0.004	0.001	0.001	0.002	0.002	0.238	0.003	0.997	0.7606	0.0025
V208	F2	11	1673.15	ol	0.510	0.020	0.001	0.001	0.985	0.002	1.520	0.010	3.015	0.2512	0.0075
V208	F2	11	1673.15	ring	1.090	0.010	0.003	0.001	0.985	0.005	0.930	0.010	3.013	0.5396	0.0035
V208	F2	11	1673.15	mw	0.775	0.002	0.003	0.002	0.003	0.003	0.215	0.002	0.996	0.7828	0.0016
V208	G2	11	1673.15	ring	1.115	0.008	0.002	0.001	0.984	0.005	0.915	0.004	3.015	0.5493	0.0021
V208	G2	11	1673.15	mw	0.779	0.004	0.001	0.001	0.003	0.002	0.213	0.002	0.996	0.7853	0.0018
V208	H2	11	1673.15	ring	1.535	0.006	0.002	0.001	0.990	0.003	0.483	0.003	3.009	0.7607	0.0013
V208	H2	11	1673.15	mw	0.908	0.003	0.002	0.002	0.003	0.001	0.083	0.001	0.996	0.9162	0.0010
															
V209	E2	14	1673.15	wad	0.510	0.010	0.015	0.003	0.981	0.004	1.500	0.010	3.012	0.2537	0.0039
V209	E2	14	1673.15	mw	0.548	0.003	0.002	0.001	0.001	0.001	0.447	0.003	0.998	0.5508	0.0021
V209	D	14	1673.15	wad	0.395	0.006	0.020	0.003	0.975	0.004	1.625	0.003	3.015	0.1955	0.0024
V209	D	14	1673.15	mw	0.422	0.003	0.002	0.001	0.001	0.001	0.573	0.003	0.998	0.4241	0.0022
V209	G	14	1673.15	ol	0.234	0.007	0.001	0.001	0.986	0.003	1.793	0.006	3.014	0.1154	0.0031
V209	G	14	1673.15	wad	0.370	0.005	0.019	0.002	0.978	0.003	1.644	0.005	3.012	0.1837	0.0021
V209	G	14	1673.15	mw	0.398	0.004	0.003	0.001	0.001	0.001	0.597	0.003	0.998	0.4000	0.0027
V209	D2	14	1673.15	wad	0.510	0.010	0.012	0.004	0.982	0.002	1.500	0.010	3.012	0.2537	0.0039
V209	D2	14	1673.15	mw	0.548	0.006	0.002	0.001	0.001	0.001	0.447	0.007	0.998	0.5508	0.0047
V209	B	14	1673.15	anB	1.000	0.100	0.060	0.004	4.930	0.040	13.000	0.006	19.040	0.0714	0.0066
V209	B	14	1673.15	mw	0.149	0.002	0.001	0.001	0.001	0.001	0.848	0.002	0.998	0.1494	0.0017
V209	AB	14	1673.15	ol	0.032	0.004	0.000	0.001	0.998	0.004	1.971	0.004	3.002	0.0160	0.0020
V209	AB	14	1673.15	anB	0.300	0.050	0.110	0.005	4.950	0.050	13.620	0.004	18.989	0.0216	0.0035
V209	AB	14	1673.15	mw	0.041	0.007	0.001	0.001	0.001	0.001	0.956	0.007	0.999	0.0411	0.0067
V209	C	14	1673.15	ol	0.127	0.001	0.000	0.001	0.988	0.002	1.896	0.004	3.012	0.0628	0.0005
V209	C	14	1673.15	mw	0.178	0.001	0.001	0.001	0.001	0.001	0.818	0.002	0.998	0.1787	0.0009
V209	E	14	1673.15	ol	0.141	0.001	0.000	0.001	0.986	0.004	1.880	0.010	3.014	0.0698	0.0006
V209	E	14	1673.15	anB	1.442	0.001	0.040	0.001	5.000	0.100	12.400	0.300	18.923	0.1042	0.0023
V209	E	14	1673.15	mw	0.221	0.001	0.001	0.001	0.001	0.001	0.775	0.003	0.998	0.2219	0.0010
															
V212	E	16	1673.15	wad	0.223	0.005	0.008	0.003	0.985	0.003	1.796	0.006	3.011	0.1105	0.0022
V212	E	16	1673.15	mw	0.232	0.002	0.001	0.001	0.000	0.001	0.765	0.002	0.999	0.2327	0.0016
V212	G	16	1673.15	wad	0.240	0.005	0.007	0.005	0.985	0.003	1.779	0.006	3.011	0.1189	0.0022
V212	G	16	1673.15	mw	0.254	0.003	0.001	0.001	0.000	0.001	0.744	0.003	0.999	0.2545	0.0024
V212	E2	16	1673.15	ring	0.690	0.010	0.004	0.001	0.987	0.005	1.326	0.008	3.011	0.3423	0.0035
V212	E2	16	1673.15	mw	0.551	0.004	0.002	0.001	0.001	0.001	0.445	0.004	0.998	0.5532	0.0029
V212	F2	16	1673.15	ring	0.504	0.007	0.009	0.001	0.979	0.005	1.525	0.006	3.017	0.2484	0.0027
V212	F2	16	1673.15	wad	0.340	0.003	0.013	0.001	0.982	0.003	1.677	0.004	3.012	0.1686	0.0013
V212	F2	16	1673.15	mw	0.388	0.001	0.001	0.001	0.000	0.001	0.609	0.002	0.999	0.3892	0.0010
V212	AC	16	1673.15	wad	0.030	0.004	0.006	0.002	0.986	0.007	1.990	0.010	3.011	0.0149	0.0020
V212	AC	16	1673.15	mw	0.025	0.003	0.000	0.001	0.000	0.001	0.973	0.003	0.999	0.0251	0.0029
V212	B	16	1673.15	wad	0.147	0.008	0.003	0.001	0.988	0.002	1.873	0.005	3.011	0.0728	0.0037
V212	B	16	1673.15	mw	0.148	0.002	0.000	0.001	0.000	0.001	0.852	0.002	1.000	0.1480	0.0017
# V212	F	16	1673.15	wad	0.301	0.005	0.006	0.001	0.984	0.002	1.722	0.005	3.013	0.1488	0.0021 # clear outliers
# V212	F	16	1673.15	ring	0.463	0.008	0.005	0.002	0.984	0.003	1.561	0.009	3.013	0.2288	0.0032 # clear outliers
# V212	F	16	1673.15	mw	0.362	0.004	0.001	0.001	0.000	0.001	0.636	0.004	0.999	0.3627	0.0029 # clear outliers
V212	A	16	1673.15	wad	0.084	0.004	0.003	0.001	0.990	0.008	1.930	0.020	3.009	0.0417	0.0019
V212	A	16	1673.15	mw	0.082	0.003	0.001	0.001	0.000	0.001	0.916	0.002	1.000	0.0822	0.0028
# V212	D	16	1673.15	wad	0.293	0.002	0.007	0.001	0.988	0.004	1.723	0.007	3.009	0.1453	0.0010 # clear outliers
# V212	D	16	1673.15	mw	0.352	0.002	0.001	0.001	0.001	0.001	0.646	0.001	0.999	0.3527	0.0013 # clear outliers
															
V217	F2	14	1673.15	ring	0.958	0.008	0.005	0.001	0.981	0.004	1.071	0.006	3.016	0.4722	0.0025
V217	F2	14	1673.15	mw	0.707	0.002	0.002	0.001	0.002	0.001	0.285	0.002	0.996	0.7127	0.0015
V217	G2	14	1673.15	ring	1.080	0.010	0.004	0.001	0.982	0.002	0.942	0.008	3.016	0.5341	0.0031
V217	G2	14	1673.15	mw	0.760	0.010	0.002	0.001	0.004	0.006	0.222	0.003	0.995	0.7739	0.0033
V217	H2	14	1673.15	ring	1.556	0.006	0.004	0.001	0.988	0.003	0.463	0.005	3.010	0.7707	0.0020
V217	H2	14	1673.15	mw	0.916	0.001	0.002	0.001	0.003	0.001	0.075	0.001	0.996	0.9243	0.0009
V217	I2	14	1673.15	ring	1.090	0.010	0.004	0.001	0.987	0.003	0.920	0.011	3.011	0.5423	0.0037
V217	I2	14	1673.15	mw	0.770	0.010	0.002	0.001	0.005	0.005	0.208	0.003	0.994	0.7873	0.0032
															
V220	E2	14	1673.15	wad	0.491	0.005	0.009	0.003	0.992	0.002	1.512	0.007	3.004	0.2451	0.0021
V220	E2	14	1673.15	ring	0.687	0.005	0.003	0.001	0.992	0.002	1.325	0.006	3.007	0.3415	0.0019
V220	E2	14	1673.15	mw	0.547	0.004	0.001	0.001	0.001	0.001	0.450	0.004	0.998	0.5486	0.0029
V220	G	14	1673.15	ol	0.154	0.005	0.000	0.000	0.997	0.002	1.852	0.006	3.003	0.0768	0.0023
V220	G	14	1673.15	wad	0.251	0.005	0.009	0.001	0.996	0.002	1.743	0.006	2.999	0.1259	0.0022
V220	G	14	1673.15	mw	0.289	0.006	0.001	0.001	0.002	0.002	0.706	0.008	0.998	0.2905	0.0049
															
V223	E2	13.2	1673.15	ring	0.786	0.007	0.004	0.001	0.993	0.002	1.223	0.007	3.006	0.3912	0.0025
V223	E2	13.2	1673.15	wad	0.574	0.005	0.011	0.001	0.990	0.002	1.430	0.006	3.005	0.2864	0.0020
V223	E2	13.2	1673.15	mw	0.614	0.003	0.001	0.001	0.001	0.001	0.382	0.003	0.998	0.6165	0.0022
V223	F	13.2	1673.15	ol	0.254	0.005	0.001	0.001	0.991	0.003	1.764	0.007	3.009	0.1259	0.0022
V223	F	13.2	1673.15	mw	0.449	0.005	0.004	0.002	0.001	0.001	0.543	0.007	0.997	0.4526	0.0042
V223	B2	13.2	1673.15	ol	0.170	0.010	0.001	0.001	0.996	0.004	1.830	0.014	3.003	0.0850	0.0046
V223	B2	13.2	1673.15	mw	0.313	0.006	0.003	0.001	0.001	0.001	0.681	0.006	0.998	0.3149	0.0046
V223	D2	13.2	1673.15	wad	0.505	0.009	0.009	0.003	0.990	0.003	1.501	0.009	3.005	0.2517	0.0035
V223	D2	13.2	1673.15	mw	0.554	0.004	0.003	0.003	0.001	0.001	0.439	0.007	0.997	0.5579	0.0043
V223	D2	13.2	1673.15	cen	0.148	0.002	0.001	0.001	1.012	0.001	0.826	0.004	1.987	0.1520	0.0018
															
V227	D2	13	1673.15	wad	0.560	0.005	0.011	0.002	0.993	0.004	1.437	0.005	3.001	0.2804	0.0019
V227	D2	13	1673.15	ring	0.773	0.007	0.004	0.001	0.998	0.003	1.226	0.005	3.000	0.3867	0.0024
V227	D2	13	1673.15	mw	0.607	0.002	0.002	0.002	0.001	0.001	0.388	0.003	0.998	0.6101	0.0020
V227	B2	13	1673.15	ol	0.258	0.008	0.001	0.001	0.997	0.004	1.746	0.007	3.002	0.1287	0.0035
V227	B2	13	1673.15	mw	0.451	0.003	0.002	0.001	0.001	0.001	0.544	0.003	0.998	0.4533	0.0021
V227	E2	13	1673.15	ring	0.935	0.008	0.004	0.001	0.999	0.005	1.062	0.009	2.999	0.4682	0.0030
V227	E2	13	1673.15	mw	0.706	0.004	0.001	0.001	0.001	0.001	0.290	0.004	0.998	0.7088	0.0031
V227	F	13	1673.15	ol	0.298	0.005	0.001	0.001	1.004	0.003	1.694	0.006	2.996	0.1496	0.0022
V227	F	13	1673.15	wad	0.499	0.006	0.012	0.002	0.994	0.003	1.496	0.007	3.000	0.2501	0.0024
V227	F	13	1673.15	mw	0.550	0.005	0.003	0.002	0.001	0.001	0.444	0.003	0.998	0.5533	0.0028
															
V229	D2	12.8	1673.15	ol	0.414	0.006	0.001	0.001	0.994	0.002	1.596	0.007	3.005	0.2060	0.0025
V229	D2	12.8	1673.15	wad	0.660	0.020	0.012	0.003	0.998	0.006	1.320	0.020	2.996	0.3333	0.0075
V229	D2	12.8	1673.15	mw	0.668	0.006	0.002	0.001	0.001	0.001	0.326	0.007	0.998	0.6720	0.0051
V229	F	12.8	1673.15	ol	0.390	0.009	0.001	0.001	0.985	0.004	1.640	0.010	3.015	0.1921	0.0037
V229	F	12.8	1673.15	wad	0.652	0.002	0.017	0.001	0.982	0.002	1.358	0.005	3.009	0.3244	0.0011
V229	F	12.8	1673.15	mw	0.630	0.110	0.003	0.002	0.001	0.001	0.360	0.010	0.997	0.6364	0.0409
V229	E2	12.8	1673.15	ring	0.960	0.140	0.005	0.001	0.995	0.004	1.043	0.009	3.002	0.4793	0.0365
V229	E2	12.8	1673.15	mw	0.716	0.002	0.002	0.001	0.001	0.001	0.279	0.003	0.998	0.7196	0.0022
V229	B2	12.8	1673.15	ol	0.260	0.005	0.001	0.001	0.992	0.002	1.755	0.004	3.008	0.1290	0.0022
V229	B2	12.8	1673.15	mw	0.439	0.003	0.005	0.002	0.000	0.001	0.552	0.003	0.997	0.4430	0.0022
															
V252	B2	12.4	1673.15	ol	0.170	0.010	0.002	0.001	0.988	0.003	1.850	0.010	3.012	0.0842	0.0046
V252	B2	12.4	1673.15	mw	0.301	0.007	0.005	0.002	0.002	0.001	0.680	0.009	0.996	0.3068	0.0057
V252	F	12.4	1673.15	ol	0.270	0.010	0.001	0.001	0.985	0.006	1.760	0.010	3.015	0.1330	0.0043
V252	F	12.4	1673.15	mw	0.445	0.002	0.005	0.001	0.002	0.001	0.545	0.004	0.996	0.4495	0.0021
V252	D2	12.4	1673.15	ol	0.400	0.010	0.001	0.001	0.985	0.007	1.620	0.010	3.014	0.1980	0.0041
V252	D2	12.4	1673.15	mw	0.640	0.040	0.004	0.004	0.003	0.002	0.330	0.030	0.995	0.6598	0.0248
															
V254	D2	12.5	1673.15	ol	0.360	0.010	0.000	0.001	0.988	0.004	1.665	0.007	3.012	0.1778	0.0041
V254	D2	12.5	1673.15	wad	0.580	0.020	0.008	0.002	0.986	0.005	1.430	0.020	3.009	0.2886	0.0076
V254	D2	12.5	1673.15	mw	0.631	0.004	0.001	0.001	0.002	0.001	0.364	0.004	0.998	0.6342	0.0029
V254	B2	12.5	1673.15	ol	0.120	0.030	0.001	0.001	0.991	0.005	1.890	0.030	3.008	0.0597	0.0141
V254	B2	12.5	1673.15	mw	0.327	0.007	0.003	0.001	0.001	0.001	0.667	0.007	0.998	0.3290	0.0053
V254	F	12.5	1673.15	ol	0.270	0.010	0.001	0.001	0.982	0.004	1.760	0.010	3.017	0.1330	0.0043
V254	F	12.5	1673.15	mw	0.460	0.004	0.002	0.001	0.001	0.001	0.535	0.004	0.998	0.4623	0.0029
V254	E2	12.5	1673.15	ol	0.370	0.010	0.000	0.001	0.997	0.004	1.628	0.008	3.003	0.1852	0.0041
V254	E2	12.5	1673.15	wad	0.608	0.008	0.007	0.002	0.996	0.003	1.390	0.009	3.001	0.3043	0.0031
V254	E2	12.5	1673.15	ring	0.819	0.008	0.004	0.001	1.001	0.004	1.174	0.003	2.997	0.4109	0.0024
V254	E2	12.5	1673.15	mw	0.633	0.002	0.001	0.001	0.002	0.001	0.361	0.002	0.997	0.6368	0.0015
															
PC2	F	2	1673.15	ol	0.277	0.005	0.000	0.000	0.981	0.004	1.761	0.008	3.019	0.1359	0.0022
PC2	F	2	1673.15	mw	0.463	0.002	0.000	0.000	0.000	0.001	0.536	0.002	1.000	0.4635	0.0014
PC2	C2	2	1673.15	ol	0.834	0.005	0.000	0.000	0.985	0.002	1.196	0.002	3.015	0.4108	0.0015
PC2	C2	2	1673.15	mw	0.873	0.002	0.000	0.000	0.002	0.002	0.123	0.002	0.998	0.8765	0.0018
PC2	D2	2	1673.15	ol	0.437	0.005	0.000	0.000	0.983	0.002	1.596	0.005	3.017	0.2150	0.0020
PC2	D2	2	1673.15	mw	0.683	0.002	0.000	0.000	0.001	0.001	0.315	0.002	0.999	0.6844	0.0015
PC2	F2	2	1673.15	ol	0.213	0.005	0.000	0.000	0.986	0.001	1.815	0.006	3.014	0.1050	0.0022
PC2	F2	2	1673.15	mw	0.359	0.008	0.000	0.000	0.001	0.001	0.640	0.007	0.999	0.3594	0.0057
PC2	AC	2	1673.15	ol	0.064	0.006	0.000	0.000	0.989	0.003	1.958	0.008	3.011	0.0317	0.0029
PC2	AC	2	1673.15	mw	0.094	0.003	0.000	0.000	0.000	0.001	0.905	0.003	1.000	0.0941	0.0027
PC2	E2	2	1673.15	ol	0.550	0.003	0.000	0.000	0.982	0.001	1.485	0.004	3.018	0.2703	0.0012
PC2	E2	2	1673.15	mw	0.765	0.005	0.000	0.000	0.002	0.001	0.232	0.001	0.998	0.7673	0.0014
PC2	G	2	1673.15	ol	0.170	0.002	0.000	0.000	0.988	0.001	1.853	0.003	3.012	0.0840	0.0009
PC2	G	2	1673.15	mw	0.273	0.005	0.000	0.000	0.000	0.001	0.727	0.005	1.000	0.2730	0.0039
PC2	AB	2	1673.15	ol	0.031	0.004	0.000	0.000	0.986	0.006	1.990	0.010	3.014	0.0153	0.0020
PC2	AB	2	1673.15	mw	0.027	0.003	0.000	0.000	0.000	0.001	0.973	0.003	1.000	0.0270	0.0029
PC2	E	2	1673.15	ol	0.160	0.007	0.000	0.000	0.988	0.001	1.860	0.010	3.012	0.0792	0.0032
PC2	E	2	1673.15	mw	0.239	0.004	0.000	0.000	0.000	0.001	0.760	0.004	1.000	0.2392	0.0032
PC2	A	2	1673.15	ol	0.114	0.007	0.000	0.000	0.987	0.001	1.912	0.008	3.013	0.0563	0.0033
PC2	A	2	1673.15	mw	0.155	0.006	0.000	0.000	0.000	0.001	0.844	0.006	1.000	0.1552	0.0052
PC2	B	2	1673.15	ol	0.136	0.006	0.000	0.000	0.988	0.001	1.888	0.004	3.012	0.0672	0.0028
PC2	B	2	1673.15	mw	0.194	0.006	0.000	0.000	0.000	0.001	0.805	0.006	1.000	0.1942	0.0050
PC2	D	2	1673.15	ol	0.119	0.005	0.000	0.000	0.990	0.001	1.901	0.004	3.010	0.0589	0.0023
PC2	D	2	1673.15	mw	0.154	0.001	0.000	0.000	0.000	0.001	0.845	0.001	1.000	0.1542	0.0009
# Start of Frost et al., 2001 data (ONLY FE BUFFERED)
49Fe	B	23.5	1773.15	ring	0.127	0.005	0.000	0.000	0.498	0.003	0.873	0.007	1.498	0.1272	0.0045
49Fe	B	23.5	1773.15	mw	0.172	0.002	0.000	0.000	0.001	0.001	0.828	0.001	1.001	0.1724	0.0017
49Fe	E	23.5	1773.15	ring	0.141	0.003	0.000	0.000	0.497	0.001	0.859	0.004	1.497	0.1412	0.0029
49Fe	E	23.5	1773.15	mw	0.196	0.002	0.000	0.000	0.001	0.001	0.804	0.003	1.001	0.1963	0.0018
49Fe	D	23.5	1773.15	ring	0.227	0.002	0.000	0.000	0.496	0.002	0.773	0.003	1.496	0.2269	0.0017
49Fe	D	23.5	1773.15	mw	0.366	0.006	0.000	0.000	0.000	0.000	0.634	0.008	1.000	0.3658	0.0046
49Fe	G	23.5	1773.15	ring	0.230	0.005	0.000	0.000	0.504	0.005	0.770	0.010	1.504	0.2304	0.0043
49Fe	G	23.5	1773.15	mw	0.368	0.005	0.000	0.000	0.001	0.001	0.632	0.014	1.001	0.3681	0.0061
49Fe	A	23.5	1773.15	ring	0.118	0.002	0.000	0.000	0.503	0.003	0.882	0.004	1.503	0.1176	0.0021
49Fe	A	23.5	1773.15	mw	0.167	0.002	0.000	0.000	0.001	0.001	0.833	0.003	1.001	0.1668	0.0015
49Fe	C	23.5	1773.15	ring	0.119	0.002	0.000	0.000	0.499	0.002	0.881	0.003	1.499	0.1193	0.0021
49Fe	C	23.5	1773.15	mw	0.168	0.002	0.000	0.000	0.000	0.000	0.832	0.003	1.000	0.1678	0.0013
															
50Fe	E	22	1773.15	ring	0.147	0.002	0.000	0.000	0.496	0.001	0.853	0.008	1.496	0.1473	0.0021
50Fe	E	22	1773.15	mw	0.205	0.005	0.000	0.000	0.000	0.000	0.795	0.008	1.000	0.2048	0.0042
50Fe	A	22	1773.15	ring	0.102	0.003	0.000	0.000	0.501	0.002	0.898	0.007	1.501	0.1019	0.0027
50Fe	A	22	1773.15	mw	0.138	0.004	0.000	0.000	0.001	0.001	0.862	0.005	1.001	0.1377	0.0031
50Fe	C	22	1773.15	ring	0.103	0.003	0.000	0.000	0.502	0.003	0.897	0.002	1.502	0.1028	0.0023
50Fe	C	22	1773.15	mw	0.139	0.003	0.000	0.000	0.000	0.000	0.861	0.004	1.000	0.1386	0.0026
50Fe	B	22	1773.15	ring	0.120	0.005	0.000	0.000	0.496	0.004	0.880	0.006	1.496	0.1200	0.0043
50Fe	B	22	1773.15	mw	0.151	0.005	0.000	0.000	0.000	0.000	0.849	0.011	1.000	0.1511	0.0048
															
61Fe	E	17.5	1673.15	ring	0.299	0.009	0.000	0.000	0.480	0.004	0.701	0.015	1.480	0.2992	0.0078
61Fe	E	17.5	1673.15	mw	0.493	0.014	0.000	0.000	0.002	0.003	0.507	0.025	1.002	0.4926	0.0142
61Fe	F	17.5	1673.15	ring	0.457	0.006	0.000	0.000	0.474	0.004	0.543	0.006	1.474	0.4572	0.0043
61Fe	F	17.5	1673.15	mw	0.717	0.006	0.000	0.000	0.001	0.001	0.283	0.005	1.001	0.7174	0.0041
61Fe	H	17.5	1673.15	ring	0.747	0.003	0.000	0.000	0.471	0.004	0.253	0.002	1.471	0.7472	0.0016
61Fe	H	17.5	1673.15	mw	0.918	0.006	0.000	0.000	0.002	0.002	0.082	0.001	1.002	0.9183	0.0008
61Fe	D	17.5	1673.15	ring	0.365	0.020	0.000	0.000	0.473	0.005	0.635	0.018	1.473	0.3652	0.0143
61Fe	D	17.5	1673.15	mw	0.589	0.014	0.000	0.000	0.002	0.003	0.411	0.003	1.002	0.5887	0.0060
61Fe	F	17.5	1673.15	ring	0.462	0.006	0.000	0.000	0.472	0.004	0.538	0.008	1.472	0.4619	0.0052
61Fe	F	17.5	1673.15	mw	0.719	0.007	0.000	0.000	0.002	0.000	0.281	0.009	1.002	0.7191	0.0068
61Fe	G	17.5	1673.15	ring	0.482	0.006	0.000	0.000	0.472	0.002	0.518	0.006	1.472	0.4820	0.0044
61Fe	G	17.5	1673.15	mw	0.739	0.003	0.000	0.000	0.001	0.001	0.261	0.006	1.001	0.7386	0.0044
61Fe	Ga	17.5	1673.15	ring	0.502	0.005	0.000	0.000	0.472	0.004	0.498	0.004	1.472	0.5023	0.0031
61Fe	Ga	17.5	1673.15	mw	0.760	0.004	0.000	0.000	0.001	0.000	0.240	0.004	1.001	0.7599	0.0030
61Fe	C	17.5	1673.15	wad	0.093	0.004	0.000	0.000	0.482	0.004	0.907	0.006	1.482	0.0930	0.0039
61Fe	C	17.5	1673.15	mw	0.183	0.001	0.000	0.000	0.001	0.001	0.817	0.001	1.001	0.1829	0.0007
61Fe	B	17.5	1673.15	ring	0.223	0.011	0.000	0.000	0.480	0.005	0.777	0.002	1.480	0.2226	0.0082
61Fe	B	17.5	1673.15	mw	0.339	0.001	0.000	0.000	0.001	0.001	0.661	0.003	1.001	0.3395	0.0014
61Fe	D	17.5	1673.15	ring	0.356	0.013	0.000	0.000	0.474	0.005	0.644	0.013	1.474	0.3560	0.0098
61Fe	D	17.5	1673.15	mw	0.576	0.001	0.000	0.000	0.003	0.005	0.424	0.002	1.003	0.5764	0.0012
61Fe	I	17.5	1673.15	ring	0.533	0.008	0.000	0.000	0.471	0.006	0.467	0.010	1.471	0.5328	0.0065
61Fe	I	17.5	1673.15	mw	0.789	0.005	0.000	0.000	0.001	0.001	0.211	0.008	1.001	0.7894	0.0066
															
62Fe	A	21.5	1773.15	ring	0.113	0.004	0.000	0.000	0.486	0.004	0.887	0.005	1.486	0.1133	0.0034
62Fe	A	21.5	1773.15	mw	0.151	0.008	0.000	0.000	0.001	0.001	0.849	0.009	1.001	0.1514	0.0070
62Fe	G	21.5	1773.15	ring	0.162	0.002	0.000	0.000	0.490	0.004	0.838	0.003	1.490	0.1624	0.0018
62Fe	G	21.5	1773.15	mw	0.230	0.003	0.000	0.000	0.001	0.002	0.770	0.007	1.001	0.2304	0.0025
62Fe	F	21.5	1773.15	ring	0.155	0.001	0.000	0.000	0.483	0.001	0.845	0.005	1.483	0.1553	0.0012
62Fe	F	21.5	1773.15	mw	0.233	0.017	0.000	0.000	0.001	0.001	0.767	0.001	1.001	0.2333	0.0129
62Fe	C	21.5	1773.15	ring	0.105	0.002	0.000	0.000	0.489	0.003	0.895	0.003	1.489	0.1045	0.0021
62Fe	C	21.5	1773.15	mw	0.139	0.004	0.000	0.000	0.007	0.004	0.861	0.015	1.007	0.1390	0.0041
62Fe	B	21.5	1773.15	ring	0.123	0.006	0.000	0.000	0.485	0.004	0.877	0.004	1.485	0.1229	0.0051
62Fe	B	21.5	1773.15	mw	0.166	0.006	0.000	0.000	0.002	0.002	0.834	0.007	1.002	0.1659	0.0054
62Fe	E	21.5	1773.15	ring	0.150	0.004	0.000	0.000	0.479	0.003	0.850	0.005	1.479	0.1503	0.0035
62Fe	E	21.5	1773.15	mw	0.208	0.005	0.000	0.000	0.005	0.003	0.792	0.008	1.005	0.2080	0.0045
62Fe	D	21.5	1773.15	ring	0.150	0.000	0.000	0.000	0.497	0.004	0.850	0.005	1.497	0.1501	0.0009
62Fe	D	21.5	1773.15	mw	0.219	0.011	0.000	0.000	0.001	0.000	0.781	0.006	1.001	0.2186	0.0087
															
63Fe	E	17.5	1873.15	ring	0.254	0.004	0.000	0.000	0.491	0.003	0.746	0.009	1.491	0.2543	0.0040
63Fe	E	17.5	1873.15	mw	0.388	0.001	0.000	0.000	0.001	0.003	0.612	0.020	1.001	0.3884	0.0077
63Fe	Ba	17.5	1873.15	wad	0.165	0.009	0.000	0.000	0.489	0.003	0.835	0.011	1.489	0.1651	0.0081
63Fe	Ba	17.5	1873.15	mw	0.356	0.001	0.000	0.000	0.000	0.000	0.644	0.019	1.000	0.3560	0.0068
63Fe	B	17.5	1873.15	ring	0.232	0.004	0.000	0.000	0.489	0.003	0.768	0.009	1.489	0.2316	0.0039
63Fe	B	17.5	1873.15	mw	0.356	0.001	0.000	0.000	0.000	0.000	0.644	0.019	1.000	0.3560	0.0068
63Fe	G	17.5	1873.15	ring	0.436	0.013	0.000	0.000	0.485	0.004	0.564	0.013	1.485	0.4361	0.0092
63Fe	G	17.5	1873.15	mw	0.684	0.001	0.000	0.000	0.001	0.001	0.316	0.020	1.001	0.6840	0.0136
63Fe	F	17.5	1873.15	ring	0.399	0.003	0.000	0.000	0.482	0.003	0.601	0.005	1.482	0.3994	0.0029
63Fe	F	17.5	1873.15	mw	0.637	0.004	0.000	0.000	0.001	0.001	0.363	0.004	1.001	0.6369	0.0029
63Fe	D	17.5	1873.15	ring	0.296	0.008	0.000	0.000	0.483	0.006	0.704	0.009	1.483	0.2956	0.0060
63Fe	D	17.5	1873.15	mw	0.466	0.001	0.000	0.000	0.000	0.000	0.534	0.016	1.000	0.4661	0.0076
															
64Fe	Ca	17.5	1473.15	wad	0.057	0.007	0.000	0.000	0.484	0.003	0.943	0.006	1.484	0.0575	0.0070
64Fe	Ca	17.5	1473.15	mw	0.144	0.001	0.000	0.000	0.001	0.001	0.856	0.015	1.001	0.1442	0.0022
64Fe	B	17.5	1473.15	ring	0.199	0.001	0.000	0.000	0.479	0.008	0.801	0.012	1.479	0.1990	0.0025
64Fe	B	17.5	1473.15	mw	0.294	0.001	0.000	0.000	0.005	0.005	0.706	0.020	1.005	0.2937	0.0059
64Fe	E	17.5	1473.15	ring	0.286	0.005	0.000	0.000	0.481	0.002	0.714	0.003	1.481	0.2860	0.0036
64Fe	E	17.5	1473.15	mw	0.498	0.001	0.000	0.000	0.002	0.002	0.502	0.014	1.002	0.4984	0.0069
64Fe	I	17.5	1473.15	ring	0.518	0.007	0.000	0.000	0.473	0.004	0.482	0.005	1.473	0.5180	0.0043
64Fe	I	17.5	1473.15	mw	0.785	0.008	0.000	0.000	0.004	0.004	0.215	0.005	1.004	0.7850	0.0046
64Fe	F	17.5	1473.15	ring	0.457	0.008	0.000	0.000	0.472	0.007	0.543	0.003	1.472	0.4568	0.0043
64Fe	F	17.5	1473.15	mw	0.731	0.009	0.000	0.000	0.003	0.002	0.269	0.006	1.003	0.7312	0.0052
64Fe	H	17.5	1473.15	ring	0.749	0.006	0.000	0.000	0.477	0.004	0.251	0.002	1.477	0.7491	0.0022
64Fe	H	17.5	1473.15	mw	0.922	0.007	0.000	0.000	0.001	0.001	0.078	0.002	1.001	0.9221	0.0016
															
66Fe	G	11	1273.15	ring	0.504	0.012	0.000	0.000	0.488	0.003	0.496	0.006	1.488	0.5041	0.0064
66Fe	G	11	1273.15	mw	0.771	0.006	0.000	0.000	0.003	0.001	0.229	0.010	1.003	0.7713	0.0078
66Fe	I	11	1273.15	ring	0.546	0.008	0.000	0.000	0.486	0.009	0.454	0.008	1.486	0.5461	0.0056
66Fe	I	11	1273.15	mw	0.815	0.003	0.000	0.000	0.002	0.000	0.185	0.002	1.002	0.8148	0.0020
66Fe	F	11	1273.15	ring	0.446	0.005	0.000	0.000	0.484	0.005	0.554	0.008	1.484	0.4460	0.0044
66Fe	F	11	1273.15	mw	0.731	0.001	0.000	0.000	0.004	0.003	0.269	0.007	1.004	0.7305	0.0053
															
67Fe	B	21.5	1873.15	ring	0.150	0.007	0.000	0.000	0.489	0.004	0.850	0.007	1.489	0.1504	0.0058
67Fe	B	21.5	1873.15	mw	0.203	0.004	0.000	0.000	0.002	0.002	0.797	0.012	1.002	0.2029	0.0040
67Fe	D	21.5	1873.15	ring	0.179	0.005	0.000	0.000	0.502	0.004	0.821	0.007	1.502	0.1792	0.0041
67Fe	D	21.5	1873.15	mw	0.263	0.002	0.000	0.000	0.003	0.002	0.737	0.018	1.003	0.2630	0.0051
67Fe	E	21.5	1873.15	ring	0.210	0.006	0.000	0.000	0.457	0.003	0.790	0.017	1.457	0.2101	0.0058
67Fe	E	21.5	1873.15	mw	0.301	0.009	0.000	0.000	0.000	0.000	0.699	0.007	1.000	0.3008	0.0065
67Fe	C	21.5	1873.15	ring	0.133	0.007	0.000	0.000	0.505	0.002	0.867	0.008	1.505	0.1330	0.0060
67Fe	C	21.5	1873.15	mw	0.184	0.005	0.000	0.000	0.001	0.000	0.816	0.011	1.001	0.1844	0.0048
67Fe	A	21.5	1873.15	ring	0.132	0.004	0.000	0.000	0.511	0.003	0.868	0.006	1.511	0.1325	0.0032
67Fe	A	21.5	1873.15	mw	0.181	0.007	0.000	0.000	0.003	0.005	0.819	0.024	1.003	0.1806	0.0069
															
68Fe	I	21	1873.15	ring	0.342	0.002	0.000	0.000	0.528	0.012	0.658	0.020	1.528	0.3419	0.0070
68Fe	I	21	1873.15	mw	0.559	0.001	0.000	0.000	0.000	0.000	0.441	0.004	1.000	0.5588	0.0021
68Fe	E	21	1873.15	ring	0.230	0.004	0.000	0.000	0.497	0.002	0.770	0.004	1.497	0.2299	0.0031
68Fe	E	21	1873.15	mw	0.360	0.006	0.000	0.000	0.000	0.000	0.640	0.007	1.000	0.3600	0.0046
68Fe	C	21	1873.15	ring	0.213	0.010	0.000	0.000	0.489	0.004	0.787	0.013	1.489	0.2134	0.0084
68Fe	C	21	1873.15	mw	0.312	0.004	0.000	0.000	0.002	0.001	0.688	0.004	1.002	0.3118	0.0033
68Fe	B	21	1873.15	ring	0.217	0.004	0.000	0.000	0.493	0.004	0.783	0.006	1.493	0.2167	0.0034
68Fe	B	21	1873.15	mw	0.325	0.005	0.000	0.000	0.000	0.000	0.675	0.007	1.000	0.3248	0.0041
68Fe	F	21	1873.15	ring	0.320	0.010	0.000	0.000	0.495	0.003	0.680	0.015	1.495	0.3204	0.0081
68Fe	F	21	1873.15	mw	0.516	0.007	0.000	0.000	0.002	0.004	0.484	0.010	1.002	0.5157	0.0063
68Fe	H	21	1873.15	ring	0.382	0.005	0.000	0.000	0.494	0.002	0.618	0.005	1.494	0.3816	0.0037
68Fe	H	21	1873.15	mw	0.622	0.005	0.000	0.000	0.000	0.000	0.378	0.009	1.000	0.6220	0.0060
