# Pressures (GPa) Temperatures (K)
1.246157194455065387e+01 2.981499999999999773e+02
1.218626343509732735e+01 3.494291717924951399e+02
1.190368688524751661e+01 4.007083435849902457e+02
1.161984957994435774e+01 4.519875153774854084e+02
1.134442499766884183e+01 5.032666871699805142e+02
1.108754265194714250e+01 5.545458589624756769e+02
1.085889309381548706e+01 6.058250307549708396e+02
1.066767291541832918e+01 6.571042025474660022e+02
1.052286470227988602e+01 7.083833743399611649e+02
1.043369446805447431e+01 7.596625461324563275e+02
1.041026593767410802e+01 8.109417179249513765e+02
